,0,1,2,3,4,5,6,7,8,9,10,11,12,13,14,15,16,17,18,19,20,21,22,23,24,25,26,27,28,29,30,31,32,33,34,35,36,37,38,39,40,41,42,43,44,45,46,47,48,49,50,51,52,53,54,55,56,57,58,59,60,61,62,63,64,65,66,67,68,69,70,71,72,73,74,75,76,77,78,79,80,81,82,83,84,85,86,87,88,89,90,91,92,93,94,95,96,97,98,99
0,999999.0,13.810946153769377,11.209807785353359,17.60051824085539,2.0065279333735355,14.256826874517984,8.47987838735967,5.07209706155293,3.5732472781188025,8.918408605163526,17.988433778014016,22.703872436415,16.078309227876197,14.377702301386948,10.67381568148365,1.2048267469363152,7.705319186400635,11.614817144257275,3.2971636923064835,9.230761198964244,24.554144426698166,19.419641427795593,6.285291597872569,2.4116787992841116,9.935890006833402,13.326871620347726,13.500792062728387,21.57473124937128,26.60460201775945,18.829454925382457,24.437966598581152,8.950274736699422,10.493077710083694,19.121650833373042,4.95248024067098,25.24417936393198,11.302431307549146,18.99308552664739,5.267172456720485,25.113680226866606,3.6389373048011557,6.3947511362724585,6.5311307985196505,18.908699506453555,2.1793467135876603,10.684485409399418,17.855176911803223,0.6175483672716888,9.89334743385565,21.491557169334158,9.061682902661643,3.5660019543032044,12.096158734636125,3.2083612338427203,23.968628918456474,12.224392415119972,4.693076948052469,17.23775910638653,4.191469268264394,3.745500372587166,17.643597939173087,12.364982588298677,24.38631844478116,1.5022478722247754,10.880610778723923,0.9980508143980843,11.795304331934858,12.566193238567129,8.893442917932093,6.233275320224618,25.024662048802163,17.951614149655583,10.750216185249402,5.840411980852347,16.791364321241005,11.445404538991381,13.311092670299203,3.735671378925477,4.780910081478158,3.0444132861111046,22.625681577061563,17.648315836215644,19.107415022470327,16.39566834646431,15.651280396315315,1.0908942782884303,6.343249392921013,11.220630089077826,2.1626546441535517,5.152628834274844,14.45142490521242,10.877183967661148,9.332947724640848,3.973930111084319,6.939976723671135,6.570322721208396,22.45649397576144,5.669238053363445,8.992728367872699,14.265980482490797
1,13.810946153769377,999999.0,3.92304355430653,4.355114092573492,12.931969541421582,13.415056194348882,7.457587706407263,10.91613291554737,10.489493046286867,11.785565247830402,4.309415404722977,19.920889293219336,8.081842918029073,0.7107321160790128,13.47462058912989,13.026956704925944,11.23299352563398,4.854799281710482,12.24717737311921,15.810011275600381,20.48009020199168,17.61408649462706,12.175102087319893,11.450193832484535,5.968731889151773,7.353519098726744,0.38025107045290196,17.803282403944376,17.86537545357761,15.886251613175126,24.981657032499204,10.682160387152772,3.340860749780612,6.260077307274592,10.751154734011445,20.575358482095435,2.6004304333200423,15.486462049555858,8.558031492230402,21.226122535692536,14.312876187286957,12.429770663561314,8.37171777012865,5.635578186130559,15.289366383529662,4.732507095666591,5.5272192125055915,13.305770273641656,5.491826236430007,17.74639684829671,10.998226256819335,10.274098489776259,3.0282749415922106,12.362442612060342,19.877879475331692,14.21401930209783,9.468027792111306,3.428078058190262,10.32980947690088,11.65750775088532,12.464793821922129,1.5007229413753984,21.563114443679872,14.0130989448196,16.472860550735383,13.690564327187356,3.752890971380773,5.910579736082189,4.928067590302789,8.037504394366065,20.65307276253808,15.321011459533217,9.377926539850513,11.564524867376758,14.169817474229946,4.469131784612336,1.4208622053878839,10.350508383976909,9.294191940934962,11.318137328290991,24.134986209150448,4.678196528740565,5.430410874586054,7.984528902861232,3.808887533593842,13.199240872020178,12.40106034929346,6.407245931987737,14.942814293871244,11.6954623623507,12.077943177132072,4.0473753208497625,16.208618193245474,12.41849243936818,7.190957882624104,7.241685840747944,24.04967200472943,12.513714942510038,15.414940669783803,11.710066483294472
2,11.209807785353359,3.92304355430653,999999.0,6.539560507190359,9.940362287142603,9.856426838169707,7.419266998492649,9.684027997820541,7.657795817492947,7.867027049986236,8.025467703609152,17.124450952993033,6.225768852373013,4.632273973548578,9.56499797114929,10.232193727614819,7.3705803058290345,1.2854178938460874,9.029205006139659,11.920835349706715,18.04677612005878,14.491770015263853,8.446436518339361,8.801874867889701,6.628665624914288,4.338649601741469,3.854908754911146,15.173540799193834,17.038504560327457,12.935353837202559,21.656415255669955,6.761708651827975,2.3227413635068035,7.9259331933742505,7.328751289132196,18.31942935304281,3.2700408637357,12.657279274416892,6.355952148571975,18.76668720698069,12.598087155439092,8.686774330783862,4.987337687211263,7.8041224012798285,13.017209289224446,5.757637225329702,6.645601082655364,10.80569284734897,6.04001273434859,15.10666112602396,7.0763782668689155,7.6853520253704115,5.046947398224855,10.585961869013,17.42680923697217,10.36743260400318,6.543563325571971,6.823533936601466,7.245529620975022,10.001482750440099,9.912407852449677,3.343665430455493,18.83556729358872,11.07729434681563,12.550771565267995,11.333028060556282,5.556043968294097,2.7882587142650976,3.1050703497481993,6.609393736152852,18.311660020327817,12.258752285980723,5.535963968580477,7.908901778889481,11.02636914759632,6.039646935589899,4.579987744777616,7.499380266804188,7.407748277073012,8.360269604463003,20.642055824963833,6.503008958679337,8.248296101520321,6.348059749798113,4.443167411540555,10.403680596041285,8.664038153662862,7.815451929141571,12.742758626143674,10.536180676799109,8.699911690423399,5.094603661982054,12.323631920304969,9.045174507946761,5.828407379680926,5.018994763513937,20.54307148540265,8.86033822807614,11.52822753386939,8.335616634669876
3,17.60051824085539,4.355114092573492,6.539560507190359,999999.0,16.45087455974583,13.601611525737244,11.811651731214697,15.176079958019885,14.106787628023149,13.674895233107293,3.660291444167026,18.41891935778868,6.6763116038701495,4.186761836921814,14.88029372914259,16.68966313848019,13.50645144720651,6.667390207085959,15.567824425580305,17.82649054874933,18.47464531514099,16.714499274826505,14.797824599123018,15.192251130987621,10.312018791219232,7.558188769825039,4.735291205061162,16.163403489513147,14.391437077585364,14.810684046826493,24.19772639011033,12.592437896971395,7.249832754081455,1.9502412597908774,13.859268795420695,18.35347482857633,6.8573940467695405,14.256819251447023,12.475954401551327,19.22759924320255,18.48551514309778,15.016376165726307,11.526888748119234,1.3236210217304005,19.26063585753802,9.0703485969659,1.8381105431194338,17.148508489977594,9.845315113581636,16.12273397884529,12.858277293807586,14.036206786554558,7.309972988763872,16.499554549974004,17.916736272107038,15.195898205028328,13.010931465088337,2.321349326173512,13.761354374822323,15.823336207119867,11.114102147396288,5.794445721529627,19.906023281345707,17.579769253579528,18.11907407761265,17.609750468671532,8.019842809703393,6.758971838152653,8.812469097999466,12.205253545025062,18.52951593847415,14.455026727291099,10.69975864107979,14.337868632360026,13.517925588689572,8.737676058995325,5.6014477333742665,13.953387211556386,13.350917843322039,14.8540782744588,23.720813552902552,0.5982931937891338,1.9094670914285,6.359692592086062,2.4508801714123707,16.862487543953005,15.001520992669914,10.61199922963384,18.94415969859557,15.976293335834184,12.017761333569657,8.398135980679607,18.241386098439836,15.577017865438412,11.352002637216003,11.111361914749871,23.668596543248384,15.277797697595652,17.45499351641301,11.681336954426357
4,2.0065279333735355,12.931969541421582,9.940362287142603,16.45087455974583,999999.0,12.25379782547889,8.648997345652074,5.953061467300944,2.46053372614599,6.9142358975526745,17.205633113286105,20.69736188137868,14.376444205776478,13.550616738775473,8.677087490485665,0.872732426224925,5.712789753909858,10.173650136521134,1.3080570574358876,7.441439748959645,22.55217328742196,17.413514261280103,4.27990670745083,1.8855923438179303,9.878510797118373,11.609530595666264,12.654813468225402,19.576333358754333,24.759150226484888,16.829820007519743,22.51321939219146,6.979575216775628,9.59353446369692,17.855668194932736,3.089673762398653,23.24838271882867,10.556113903038737,17.001683035889933,4.727392013043909,23.109286683069847,5.477647709151903,4.39496394786764,5.023075389215023,17.73477613145173,4.170935743218664,10.419304605240448,16.536350418778305,2.146040912763758,9.71809075018296,19.493065018461284,7.07761703512623,2.8827105799483594,11.609324915792834,4.496350528346173,21.967987685564687,10.22946739692803,3.4714612982615174,16.323013101313474,2.6950301511307617,4.776873731261998,15.719799694460141,11.558730592215674,22.380422367747475,1.1450283936877939,9.060476299186373,2.8539166743855855,11.42256473293995,10.980216978043458,8.0309624103387,6.097215098583493,23.025173323067236,15.951598358413822,8.857812102738906,3.843725990255725,14.79775643007168,11.186107112614986,12.623201697790877,2.589204734386315,4.708357806362559,1.6148885070109318,20.735063954264792,16.441628594859104,18.061694262675772,14.714868630652283,14.363338359795902,0.9295824120449475,4.342657540170666,11.310131589215745,4.168562828265548,6.290011469011916,12.478008630760193,10.477529085217652,7.58872927648444,1.9684811069491197,6.624609783282587,5.813801792654997,20.568997299228055,3.673324522609827,7.17050657550816,12.301869231405828
5,14.256826874517984,13.415056194348882,9.856426838169707,13.601611525737244,12.25379782547889,999999.0,15.935129065937073,16.178008227192326,11.667682330305341,5.340159038602307,16.660726052262046,8.512847639438835,7.275616212962942,14.06170903625782,3.99777493295976,13.070408043217832,6.569949790538302,8.662779794379427,10.961343523769978,7.355199116469126,10.298964475933085,5.306311137088702,8.009773811522523,12.712567726668686,15.810609612388932,6.200732247452881,13.473394241930523,7.3380900474041555,13.93873022894663,4.58897980846631,11.879336992130128,5.455409365055506,11.944412453777916,13.633223409706478,9.52252459173019,11.01977197959858,13.074308352852762,4.842990598972329,12.522162413120066,10.858672717948014,17.437947355527818,7.9487692621853165,9.374121941501892,14.279215024847815,16.423809599949788,15.26108939049683,12.30965199289498,14.285742802139506,15.265143809369285,7.254398686324267,5.2692144303759045,12.314732863008107,14.874679429407886,15.841089923352042,9.717881398070515,2.8653152376392153,11.002682825055919,15.191096242222036,10.757621490446105,15.669661297535564,4.821245803727054,13.179899762282087,10.235429757519407,13.098347964438446,6.488088297763579,15.014369739930007,15.319641292970674,7.513284115367417,11.763878247130382,13.862689946699012,10.778694884540654,3.71032580374289,4.684845716885185,8.419647777428432,2.658239904465859,15.704045883774054,14.365247028258358,11.548298582456301,13.617433052314142,11.59333334541289,10.785684089192191,13.156785021307831,15.469866833254983,7.700775844166352,11.29085417799442,13.16763768971951,7.9931659834387965,17.245599225990524,16.412003883834625,16.921448634532535,1.6490725769902181,14.703823901655088,7.673357496715081,10.299562499398416,13.497053993267855,11.939994613371304,10.686956795494252,8.675980891962713,7.200315816480546,1.942525089047248
6,8.47987838735967,7.457587706407263,7.419266998492649,11.811651731214697,8.648997345652074,15.935129065937073,999999.0,3.9851317052924067,6.5603228261714115,11.831489860838145,10.810566895359864,24.002599886636293,13.643819986486399,7.728200318320412,13.998451801499824,8.258126844538452,10.66335020548996,8.596665254021223,8.735613877259079,14.69164007547098,25.1824647767279,21.07918859390049,10.528247368810986,6.76485394411122,1.7048635877803204,11.575667899537823,7.077802048044484,22.225036227303516,24.394533969723838,19.771234841681395,27.716900188843407,11.03862488419158,5.244328622353399,13.697941082387194,8.32102832715912,25.546549361734794,5.055907223512135,19.613749194971465,4.290420151424178,25.87768091884465,7.534078963424574,10.796710806342654,6.92397929238121,13.090592508410417,9.169859975608823,2.8688046784698793,12.825422247662171,7.8665888505493635,2.0082504652335404,22.152299694690853,11.34528615024732,5.882627143511445,4.6728837854495024,5.88950323991403,24.559670782692947,15.324846971564963,6.225713616134938,10.558101150356569,7.09028936435999,5.137126692623403,17.12971854159583,6.042785084556402,25.745215355918674,9.373856171437822,15.981683079375841,7.92135945797648,4.078141861285072,10.110044726955511,4.448847165744571,2.6624990344796995,25.496097617425995,19.000095995474023,11.25836222388527,9.736488230125506,17.725391204409302,3.473971777207509,6.337763772283713,6.52391224951271,3.9434262822286317,7.393827323277511,26.35771896548948,12.107922516170717,12.748503434017454,13.751960169182905,10.782395395736383,8.395584422280875,10.743348349679257,2.7430271685871164,8.748548486620175,4.589419145921129,15.217002249304967,3.4474920886558587,14.990086188272318,9.328385406772153,2.5733491461133333,4.155847751872605,26.22668738688413,10.431320686012015,14.317408249677728,14.886957635003851
7,5.07209706155293,10.91613291554737,9.684027997820541,15.176079958019885,5.953061467300944,16.178008227192326,3.9851317052924067,999999.0,4.797668958357985,11.261070537069383,14.630367955308996,24.625480026066306,15.661594317848618,11.31364834010356,13.380555750842335,5.284072143741181,9.960103305077716,10.589140248446089,6.576887671990139,13.088939984499266,26.127312516517513,21.481500397976404,9.205538951351963,4.257099411373807,5.668408324410317,13.183831358047723,10.549944356415304,23.11088769151267,26.555425139066713,20.472289438387037,27.461961193985672,10.787394842751569,8.026744452327556,16.963370343761433,7.041336987679119,26.64234242349676,8.332817927870158,20.456727183037824,3.767814742191675,26.77138102036706,3.5544696841114396,9.43020808151188,6.853880007480533,16.49166679248157,5.287847489742725,6.727901081424911,15.918289904266182,4.468989012312307,5.850561676228821,23.03206393514164,11.029977248637982,4.041590286670331,8.452176927066663,2.018804880035476,25.511943885426707,14.877332861069206,5.202090966331326,14.218916829083645,5.6605934134604325,1.3376279267474922,18.414716784299063,9.421663307777754,26.367043744894076,6.306312083590235,14.60335714139826,4.292919616529876,7.944812769752219,11.952395827114755,6.638896673819422,3.081180846028425,26.515752209112577,19.632812044267908,11.779727503687543,8.471776351762767,18.373862328997156,7.40588381148114,10.002986533939113,4.865353130696079,2.602555681637313,5.307592576227976,25.86586434763836,15.38399158149019,16.335402398662456,15.866134122296854,13.747523175446343,5.370212978816788,9.371910178098727,6.623057271753822,4.852938301585889,0.8542714138183104,15.85186648877944,7.172458775362868,13.302943338870458,7.3260382396277475,3.9027193627729333,4.819931686941529,25.714486444672005,8.856813124125155,12.764747475913337,15.574052068028864
8,3.5732472781188025,10.489493046286867,7.657795817492947,14.106787628023149,2.46053372614599,11.667682330305341,6.5603228261714115,4.797668958357985,999999.0,6.543111457347357,14.752532105785514,20.177677045237957,12.596293144876402,11.100350245305464,8.619238330673234,2.582986453770282,5.235081894860652,8.042305850330258,2.181999919637357,8.399334690994841,21.84068922071416,16.961869885249083,4.412776826948364,1.2314961567298957,7.612532727761845,9.8716740429346,10.206298752182429,18.82632612344412,23.260933060437456,16.120153562597938,22.703824583475697,6.212499089959623,7.1487619414472094,15.581215798389449,2.2563385719178832,22.444003042556737,8.096135639908844,16.18955573592557,2.3703409485935403,22.448036033435088,5.879487797778843,4.644076303268366,3.0070303019467657,15.404779892001235,5.545594245192701,8.0491445682648,14.298488033966677,3.2401552418325594,7.394573607406859,18.74494856165232,6.414452512505487,0.7709313880314651,9.168919147599263,4.174032760000726,21.23671501792404,10.137789828668867,1.120362530823856,13.892313511355624,0.9115461598716821,4.040890517504929,14.514781511000052,9.10374642985438,21.903094007829548,3.5237331523650623,9.856304415857633,3.8690287326977644,9.009551548428743,9.026175492353428,5.5764950483832,3.9083921127319807,22.27051677336784,15.256746254876989,7.6237163316451175,3.674139456723012,14.031916279898997,8.811574350789208,10.162668377236814,0.16343452905128078,2.7188643694885295,0.8922903620981261,21.079102058615977,14.128710280514492,15.673291737968745,12.896691842120008,12.100840383150917,2.755738285184694,4.5859785457008195,9.105525064771793,5.353563869817711,5.416008112153186,11.56967943996193,8.062272105675676,8.648739196183048,2.780194978574666,4.299748523999558,3.3575128765897437,20.926096813869346,4.109324576315618,8.054851987159639,11.335251191410299
9,8.918408605163526,11.785565247830402,7.867027049986236,13.674895233107293,6.9142358975526745,5.340159038602307,11.831489860838145,11.261070537069383,6.543111457347357,999999.0,15.83027785048927,13.8014236817744,9.159140725042864,12.49596471192526,2.1753341012787852,7.7359563047026585,1.3080406127473592,7.168072630083217,5.625445516525993,4.152318445943853,15.639104640020065,10.532454765348215,2.6854987824734917,7.486087287283334,12.158852630557668,6.648871405420346,11.690915054652436,12.670436813334666,18.46277531724584,9.921845619009762,16.205466361035107,1.109363949143622,9.204978384907076,14.440301050022617,4.30814630522818,16.347853758779262,10.45356555357065,10.12002897730615,7.865036958441863,16.195289030842,12.164889976178111,2.658153833253896,4.907583818998894,14.727179963519543,11.083751253390151,11.96016919269799,13.008169044458834,8.962713098699586,11.699703174457635,12.58696472491554,0.8175788299102357,7.253746234354421,12.166043913069567,10.670074335846492,15.056904421436254,3.618688484822617,6.083212600958299,14.530391785967405,5.638838254268694,10.58385028919901,9.183420043461451,10.981577156606042,15.499146516039643,7.769361430928642,4.695486772094523,9.69148859028488,12.398111324169381,6.9476749603025345,8.376229285441113,9.404580291522006,16.116097341904513,9.043023197318286,3.159716331717197,3.0899717315450594,7.911678095244247,12.5735922748386,12.263140108983453,6.445294099907705,8.828008454176882,6.342552551609937,14.664943632898009,13.420520174554394,15.559651322150497,9.582447114533018,11.23497233837024,7.830205979022665,2.6962988586625856,13.710920576366334,11.075881777179967,11.93618308051652,5.715369148710672,11.582275699856998,4.566841861056993,4.959937033442658,9.262127932840604,7.675902612015444,14.521446809810982,3.3691841346982385,3.7804405419030194,5.602986879659398
10,17.988433778014016,4.309415404722977,8.025467703609152,3.660291444167026,17.205633113286105,16.660726052262046,10.810566895359864,14.630367955308996,14.752532105785514,15.83027785048927,999999.0,22.0155989531314,10.132104402394539,3.658671160133381,17.347701261437308,17.261206867778878,15.395429331302816,8.681545559773477,16.55081582766017,19.929319156045587,22.12723963317198,20.175472521169613,16.42803221238677,15.666089393391676,9.127621802186958,10.465573291539297,4.55755669345427,19.773551788727637,17.831745445195555,18.30386341398033,27.659768135684324,14.720976198931204,7.619262159124529,5.1453378455217775,15.058454302608638,22.013570700488216,6.688298681411424,17.78203401259404,12.721579369354172,22.880578917638815,18.14327013690474,16.676981948490052,12.676991547903206,4.080310013694332,19.339339824960373,7.946990019803222,5.493380559216441,17.45926621040003,8.82192256513189,19.730394411603807,15.022950438922711,14.492076799910297,6.179273626168665,16.270626314923078,21.565737658042963,17.900471951802484,13.753135728590037,1.4911020641179111,14.627427124110753,15.535828674195148,14.639166928861801,5.649598473182678,23.528548154954933,18.2710580738713,20.4679633160794,17.793353360184575,6.732528670150319,9.315872174317024,9.176037559643484,11.988344165401822,22.18759289865949,17.890991723694093,13.151534867374114,15.840494994203967,16.88234303797972,7.361128711580663,4.701854810150264,14.617993866728863,13.342442349585927,15.5952310492175,27.072870236569088,4.257457791095539,2.840646736849031,9.862366250471034,5.449500098522198,17.432332237602484,16.650856704321434,8.885422488585997,18.969962884804154,15.337966546151534,15.154310489314152,7.457915179115028,20.335174574306222,16.727905128356163,11.174532922370359,11.4513068364691,27.009745498205806,16.79214940635747,19.539273068079392,14.799957801865146
11,22.703872436415,19.920889293219336,17.124450952993033,18.41891935778868,20.69736188137868,8.512847639438835,24.002599886636293,24.625480026066306,20.177677045237957,13.8014236817744,22.0155989531314,999999.0,11.975961948475499,20.434118820500426,12.102804796070535,21.531444061435863,15.06346585075402,15.839138982884133,19.42119859084527,14.727378569020445,2.4583795526268055,3.299203894602994,16.421058405458467,21.22444864470201,23.61239470152202,12.811008576931464,20.098469621934715,2.284095462257092,10.344044183050581,4.231852863943411,6.588546468106644,13.967008516218137,19.42111550255881,17.5627539496896,18.03302334322138,3.5437508976795096,20.368916744024254,4.47112398608499,20.91558116927279,2.6707233765014764,25.944989759040002,16.327317519834445,17.77885290407099,18.530943144459922,24.85347129394478,22.86099048699318,16.668740885528123,22.763969130752425,23.035879704067654,2.3133630951203568,13.78114979682505,20.815594399546946,22.084222294268088,24.35165154143617,2.2025413071037274,10.596775768425292,19.484543864407016,20.551803423477413,19.268414510832997,24.166820732716218,7.4712109704134715,20.16243731269482,1.7474536571801986,21.478212736951065,13.299037937503757,23.49268911202579,22.653205826536578,14.372582177374,19.626736928683798,22.155721585872556,3.06997754179511,5.018612735290653,12.892151568340253,16.891356668336268,6.293699973550184,23.1629989038934,21.15250678697606,20.056474826200333,22.041177533617574,20.101764115194538,7.276109227859846,17.843104004251483,19.951603881970847,12.189923215404441,16.71952220023319,21.620216418291815,16.376276636908155,24.912885446630206,24.865606566547164,25.388123434155336,8.825184854770695,22.21565417615334,14.909857473831238,18.73082130657373,21.699433938039487,20.201303860519165,7.348394824354001,17.058056837447797,14.728047793479686,9.136735700701257
12,16.078309227876197,8.081842918029073,6.225768852373013,6.6763116038701495,14.376444205776478,7.275616212962942,13.643819986486399,15.661594317848618,12.596293144876402,9.159140725042864,10.132104402394539,11.975961948475499,999999.0,8.531908287483958,9.580423170015099,14.93232358622197,9.586757966455764,5.1152389109419785,13.172955343612276,13.005465573421192,12.402041156451935,10.052849402313406,11.222203311594937,13.827579346643038,12.760070064789133,2.768614266876809,8.308522680890036,9.79072727485843,10.894804752999704,8.171796090250067,17.539417543578086,8.306622153499108,8.45909607911487,6.397494674070704,11.309154869884196,12.49942695582392,9.0853126269645,7.658380758379487,12.041687805155643,13.149788720530465,18.205679051528804,11.348673172198117,9.58949571054086,7.13406669169347,18.1375010962682,11.760625363182436,5.14795704785465,15.822680485558942,12.173668013869003,9.739062696191047,8.44654035648482,12.897856458597076,10.602332168885512,16.242005317911758,11.802882436272245,9.414415796339386,11.527767174641639,8.647404352694902,11.888856868943497,15.760637563074463,4.525381441523325,8.600510027717442,13.564358341996854,15.490580739280459,12.822492601007472,16.465321138043155,11.258003688386506,3.711433925237122,9.289449897602802,12.65311131121817,12.571375542724066,7.782179882233313,6.046980487322687,11.091558170625897,6.851300729386141,11.872416579854772,9.408198810130681,12.434539178000108,13.193289147760705,13.034528292136098,17.047742847401796,6.152765132163877,8.432182680152268,0.4444926901375462,4.749798206826436,15.08680731110845,11.358768725273114,13.785003828059219,17.948655543207174,16.513996055112248,5.629189646524487,11.045485382979127,13.40917169903409,12.852504746806643,11.93466774917159,10.847206782735489,16.997767389811116,11.871021764680238,12.696137540746516,5.340464594847063
13,14.377702301386948,0.7107321160790128,4.632273973548578,4.186761836921814,13.550616738775473,14.06170903625782,7.728200318320412,11.31364834010356,11.100350245305464,12.49596471192526,3.658671160133381,20.434118820500426,8.531908287483958,999999.0,14.178713730695568,13.621401371744565,11.942013721945184,5.542370242525236,12.89391378275167,16.520102282950585,20.932123920324244,18.184891184881096,12.873645954293641,12.034176144728413,6.164569031336641,7.960989505006406,0.8993350258270321,18.29469703962212,18.054708848152472,16.434268600248288,25.576518803279303,11.392312072666991,3.9607781001070945,6.130660266013445,11.423168700039485,20.997619254547843,3.090984995690178,16.016788137270673,9.113664922017744,21.68072957791889,14.754179509769779,13.129397565528752,9.048022152938172,5.407564057553876,15.805725908231636,4.920454224492825,5.551765463987396,13.861585347229415,5.730876113663362,18.239589239552995,11.708095226537635,10.858463115148384,3.132833023994584,12.825571907206106,20.334383180827366,14.90547315486202,10.095111390365128,2.9171135995282698,10.968990883568187,12.109282817523178,12.96686874254286,2.012723803491846,22.061668868249594,14.621553744751727,17.182692709050816,14.225693404344742,3.8358049433754693,6.549340854555347,5.525415024777083,8.504558554625756,21.089387691339745,15.887928204456646,10.071777251247159,12.257109100200234,14.752499057696154,4.552498972804678,1.4193087753446678,10.964337469717504,9.801864739287547,11.939056519438253,24.75943580526475,4.5847126506579325,5.035134980148145,8.405304254893949,4.060622946467781,13.793114126120193,13.100184926944682,6.431173551243146,15.4505692911586,12.07380622358592,12.701444971649163,4.282152785750123,16.918472678036217,13.081684792753187,7.6672195187355126,7.818794701556345,24.676551933996343,13.20512396652245,16.1249222073462,12.33422973811347
14,10.67381568148365,13.47462058912989,9.56499797114929,14.88029372914259,8.677087490485665,3.99777493295976,13.998451801499824,13.380555750842335,8.619238330673234,2.1753341012787852,17.347701261437308,12.102804796070535,9.580423170015099,14.178713730695568,999999.0,9.534074448616604,3.434701494679991,8.687161596172334,7.446604078093776,3.553530795229296,14.101192877127414,8.803987424653938,4.417108580117447,9.482581450787476,14.283339940677491,7.450689274580679,13.419901197284881,11.218508128490868,17.81311226932773,8.493494696348561,14.085633581933996,3.032498977085968,11.132703365539674,15.408226175070771,6.3638624112739155,14.893983421482833,12.37337200360318,8.816285512447418,10.0356726074879,14.603772743441217,14.072609293719216,4.282638642949146,7.075434900250024,15.824136196945782,12.792991070301325,14.031597195015753,13.988089132217983,10.794913340665838,13.81036936688083,11.134643572444546,2.7052535851579544,9.35101153112978,14.12568647160823,12.684223430280039,13.545830260176288,1.5541906886130192,8.23047738626338,15.981315968840148,7.728760352657879,12.6470489254971,8.532739535475748,12.80737538729793,13.752619393861925,9.393087470612624,3.2777992256092854,11.517756154958194,14.403601091752174,8.142122288471827,10.428991155886767,11.579852497282891,14.615076772905256,7.627294662619305,4.209436723176762,5.014694868354931,6.65318092470941,14.61973374681228,14.083062146250503,8.532824721330512,10.982343706687395,8.329399694429318,12.505161618129193,14.557918739525748,16.788058141874945,10.023234933370386,12.43191698643761,9.606538147557131,4.335638446554337,15.826603973989489,12.83378971655863,14.032853247670763,4.947949291776577,13.619199830366332,3.9278413536718664,6.713670594426538,11.431569769418102,9.842703369572494,12.359247571690707,5.0048217821757195,3.3217575056850173,4.9778634182558505
15,1.2048267469363152,13.026956704925944,10.232193727614819,16.68966313848019,0.872732426224925,13.070408043217832,8.258126844538452,5.284072143741181,2.582986453770282,7.7359563047026585,17.261206867778878,21.531444061435863,14.93232358622197,13.621401371744565,9.534074448616604,999999.0,6.510852502067266,10.563962021904556,2.1107045218484854,8.295641749299477,23.36502788081545,18.251957909977435,5.126635394042904,1.6160849399731636,9.58729789394563,12.17388615232255,12.732831328905716,20.381770199318556,25.417134883872713,17.637924861518353,23.38590635908142,7.747584034542145,9.688697303053344,18.157797354671516,3.7520406634014356,24.048906757452542,10.579124944967347,17.79548503356932,4.601351065244396,23.928844421701072,4.605161264580662,5.251632142208397,5.43604397268713,17.987704090151414,3.3830797762387856,10.219760475693855,16.866066461922216,1.273554625168027,9.476149568976941,20.298688546169213,7.862482413646785,2.7746702744949423,11.513712501584818,3.6992277036318932,22.777838502870697,11.087480169444115,3.6891064420756514,16.4418552946012,3.0758415847767524,4.047636530939792,16.440340061245152,11.614279749789072,23.219711881727132,1.1170271962019502,9.921766785719079,1.9860902448807523,11.274648975419348,11.459234297231239,8.099864078168702,5.808693806413743,23.832554145755996,16.760579902802807,9.550183526252725,4.650826433929088,15.595213699985141,10.98713170470904,12.624544106774232,2.7376001301164354,4.368727773129254,1.9176275298510173,21.60682413060711,16.71055960543771,18.248545475416893,15.257204218897717,14.673661637680725,0.17313443761778297,5.198444271543012,10.964621455765288,3.3420170433508587,5.549842478192447,13.248469115832002,10.338027323622432,8.433086738097618,2.8204051950618534,6.421268610407843,5.81114555247591,21.440548054674846,4.534485010705622,8.030932898566055,13.061794102475464
16,7.705319186400635,11.23299352563398,7.3705803058290345,13.50645144720651,5.712789753909858,6.569949790538302,10.66335020548996,9.960103305077716,5.235081894860652,1.3080406127473592,15.395429331302816,15.06346585075402,9.586757966455764,11.942013721945184,3.434701494679991,6.510852502067266,999999.0,6.8648728490693784,4.409189583774927,4.592375563289258,16.85654834787266,11.806763743249933,1.6816879569439722,6.188856796248405,11.088563726250404,6.923876143364196,11.101042185189483,13.870931656756536,19.336831063279025,11.127679845127767,17.502500762652634,1.357456990049808,8.431680898095971,14.435485210683627,3.003717318387152,17.538892410101546,9.675203421398926,11.289132700762085,6.614200225339397,17.42668593188545,10.88514568438773,1.769755431608689,3.769507605391996,14.62816323457754,9.880799351302299,10.97637442841073,13.010900343846123,7.716644087782042,10.655384355431194,13.787861122587925,1.3801570903977645,5.946963593510886,11.326749309670038,9.366624083196212,16.26787106865833,4.917330729158246,4.795996060815369,14.160746301355912,4.3309954875961765,9.275856061697358,10.133183460226395,10.301454537903755,16.769685853752424,6.63054324356452,5.500131493955514,8.44508125179011,11.501304282881975,6.927730161027141,7.446527096380352,8.181731626288036,17.3218748311488,10.250763995978089,3.5677928484387507,1.8704092905170022,9.086213846974799,11.622584545212058,11.576812177156603,5.137476471030648,7.547700599343756,5.05032286931718,15.939863058556185,13.305452156322302,15.35636111626321,9.988996046842324,11.104482294608673,6.614454281220468,1.785528386924794,12.651512887090965,9.85232252888077,10.630179654181413,6.783268340844603,10.649077836165477,4.983536539396307,3.79464392947431,8.090017923443549,6.520332675870719,15.793809207151822,2.3722583481772728,4.194428531821279,6.62719659963271
17,11.614817144257275,4.854799281710482,1.2854178938460874,6.667390207085959,10.173650136521134,8.662779794379427,8.596665254021223,10.589140248446089,8.042305850330258,7.168072630083217,8.681545559773477,15.839138982884133,5.1152389109419785,5.542370242525236,8.687161596172334,10.563962021904556,6.8648728490693784,999999.0,9.145834887392876,11.299619175346319,16.770877744251752,13.219881908857039,8.131545416694783,9.240190989672573,7.885540007922259,3.0591965795027054,4.860255945568889,13.890765772878888,15.996297347149582,11.651914676398206,20.417339345769154,6.061445413861786,3.5991684885003243,7.787878046212127,7.345803549772858,17.055424529047773,4.545237641106824,11.371861506773522,7.072480056609198,17.48889750853903,13.315741701471532,8.349013617483703,5.150879177901546,7.842312426726912,13.532236304545588,7.039113537251508,6.4142040536732825,11.263377581999865,7.2979775159687374,13.823606686284103,6.35510414911352,8.1870034622699,6.306713159507072,11.317693958122142,16.150401533270387,9.36367187371534,6.924265117750943,7.362591398932787,7.502984676579651,10.782556649631353,8.640922909137952,4.521888973109109,17.550187098408987,11.318678519994965,11.786543429751053,11.840729073965717,6.833123775229144,1.5246098971767514,4.187473565461967,7.552809894878164,17.04128788030273,10.980113933353405,4.534448582174556,7.691254224338955,9.752426715715417,7.324432873243467,5.705252008290178,7.8795371194293775,8.188977350225397,8.65343325937334,19.440863911480992,6.51518842038139,8.49636032514313,5.2879400704340425,4.329673603685675,10.731424562455743,8.334340188812034,9.096596057241465,13.2896736482153,11.443301696343648,7.453474181765094,6.379581796405755,11.710358029629221,9.051847527262499,6.821508809042637,5.805847026133145,19.345795333974745,8.623584218060532,10.915962850566492,7.087313932669624
18,3.2971636923064835,12.24717737311921,9.029205006139659,15.567824425580305,1.3080570574358876,10.961343523769978,8.735613877259079,6.576887671990139,2.181999919637357,5.625445516525993,16.55081582766017,19.42119859084527,13.172955343612276,12.89391378275167,7.446604078093776,2.1107045218484854,4.409189583774927,9.145834887392876,999999.0,6.532493842179523,21.25760802812069,16.142974131309245,3.030205173976609,2.322228405024099,9.786129726034885,10.404398905922495,11.994578758355882,18.27758531210135,23.481174188099583,15.532329399926013,21.3802816183445,5.671536313323484,8.94006851079117,16.895231074870907,1.8664373543814425,21.94753402591274,9.99010195013411,15.698155341929677,4.540559984209845,21.819328690790634,6.633274475446123,3.1737831847300466,4.044027091743892,16.831122542965666,5.471611747843228,10.178257069498759,15.548582073466978,3.3528110839292586,9.551535605732429,18.194405693192834,5.770859973298011,2.865012350775295,11.200518071266929,5.409994287120551,20.671634177205256,9.000789756032411,2.873816882928528,15.589075136305215,1.9428616581168856,5.546594629621637,14.41829639966477,10.937774330785832,21.110862187875323,2.3343706728702394,8.093463234651137,4.079247402642659,11.092397572580818,9.854760858317361,7.438578823819786,6.089053199490157,21.727509143257116,14.654543560227244,7.5705338482585445,2.543270568949538,13.4953637498008,10.934980032294117,12.067695037468159,2.2399048526341607,4.845810691987392,1.3546253662346543,19.64447784237969,15.52312995382166,17.236246358161036,13.52198865202694,13.404397597539006,2.206809551404962,3.1186507376504577,11.285980279075938,5.450843069770204,7.043526667298381,11.170093565187312,10.145808188652634,6.731395272651661,0.7775665396001993,6.467265925882109,5.3870495171238675,19.482203912560475,2.4774168665441976,6.224541344385933,10.993920573312392
19,9.230761198964244,15.810011275600381,11.920835349706715,17.82649054874933,7.441439748959645,7.355199116469126,14.69164007547098,13.088939984499266,8.399334690994841,4.152318445943853,19.929319156045587,14.727378569020445,13.005465573421192,16.520102282950585,3.553530795229296,8.295641749299477,4.592375563289258,11.299619175346319,6.532493842179523,999999.0,16.9269785409392,11.48690950563993,4.1694349171644465,8.849927238319394,15.362635210735386,10.675064201376715,15.686524828183218,14.20580687156386,21.28306226786512,11.577784831118718,15.358068020216,5.245850587466085,13.011952728320429,18.556831174133805,6.375928694895665,17.814154163254294,14.25107182422697,12.0046376040758,10.42361699202998,17.345644793839533,12.858312082272576,3.8977421561774444,8.110299029462055,18.869674237935573,11.111150955549043,15.391177631173566,17.12518792705355,9.541031122775081,14.982740901740398,14.123355776365187,4.9696715690989715,9.167653525932185,15.870799380891038,11.902052882853603,16.41641615871367,4.513606428720663,8.478007770084568,18.65462491373166,7.677905668713475,12.077769409567535,12.04724807689702,14.893587944300439,16.252189378388994,7.758537899145701,1.667145197882054,10.19873038339863,16.004176429792963,11.08982745525991,11.950612419932813,12.06372360752568,17.48096952432737,10.753078212157464,7.218361164126272,4.95922376540997,9.939968320760046,16.072071533395626,16.16825002006717,8.377238865513167,11.088294464938965,7.784014649672795,13.459787726370884,17.566884272442834,19.71196960345759,13.443478247463132,15.384867220397588,8.30555270554385,3.950119505900468,16.929737900182023,11.265599163275756,13.575948424770086,8.47716325119497,15.123741391398703,0.4156392826068251,5.768374682487011,12.168348792064878,10.697680044510514,13.284961040307945,4.301398345445088,0.39902061927263127,8.524860200967034
20,24.554144426698166,20.48009020199168,18.04677612005878,18.47464531514099,22.55217328742196,10.298964475933085,25.1824647767279,26.127312516517513,21.84068922071416,15.639104640020065,22.12723963317198,2.4583795526268055,12.402041156451935,20.932123920324244,14.101192877127414,23.36502788081545,16.85654834787266,16.770877744251752,21.25760802812069,16.9269785409392,999999.0,5.448629877023768,18.304891828945763,22.937671084687874,24.644394656216335,13.711929362872276,20.695954522732414,3.0189939664596888,8.489962451712362,5.732352160367327,8.271110167610466,15.677275396123473,20.368586446316684,17.387206696930683,19.767090824621793,1.1053188653862935,21.219031031300688,5.6716356885056545,22.37535109521781,0.7539203210382057,27.67741372507863,18.2350678770704,19.28002010762574,18.410429854404775,26.722554938948957,23.802350549754067,16.663107996726012,24.571396859794845,24.05916569541387,3.099122511394373,15.52526168010542,22.439131617084797,22.86497799742132,26.003380224450957,0.6227948734234834,12.648260847556191,21.071692310362337,20.705755994088328,20.940610911505654,25.765183077908784,8.138831194702222,20.89227887249015,2.1747558397086784,23.391071290420722,15.560770976560956,25.29925903399383,23.476845965386264,15.25907168017712,20.749239337166642,23.51313412365544,0.6116601597097828,6.606836647468229,14.349281413458128,18.714679750763644,7.809394811405395,24.034255847969973,21.78464869382015,21.710445437368495,23.526560996379708,21.84021509015646,9.357711603010598,17.88216190155196,19.848897886844767,12.535124921231064,17.03640231407362,23.46434970498433,18.280980135638703,25.85987780714895,26.707044259488242,26.91671740443793,10.291832484176272,23.12596621863049,17.134237359726608,20.5984170705629,22.992717581212176,21.553663212576577,9.457118013890112,18.96462072588802,16.89920632047017,10.556585449839142
