,0,1,2,3,4,5,6,7,8,9,10,11,12,13,14,15,16,17,18,19,20,21,22,23,24,25,26,27,28,29,30,31,32,33,34,35,36,37,38,39,40,41,42,43,44,45,46,47,48,49,50,51,52,53,54,55,56,57,58,59,60,61,62,63,64,65,66,67,68,69,70,71,72,73,74,75,76,77,78,79,80,81,82,83,84,85,86,87,88,89,90,91,92,93,94,95,96,97,98,99
0,999999.0,8.61545078578162,12.522162413120066,5.531201492177433,39.99076209509489,10.142912703170579,20.232087898067686,2.9011234553364043,10.932333045037534,5.245594075609028,7.762265434674378,5.943763581202307,3.1893148920107923,20.196772137363414,5.074111177206228,6.2529602760134395,13.04556164909779,5.14766711320498,10.35795362053712,4.764588282340884,6.5515887867173825,3.8856624986097668,8.149789755234712,8.038168856518588,10.817127193235658,5.760825869534108,10.065696689631753,22.37535109521781,10.05491870022471,5.91205245520023,6.050720370070993,5.31499004306076,15.769229064570693,6.89696399266674,3.7810668615752894,6.69854572183129,19.36127208202865,4.473503327183741,9.597862674360792,2.8020347158240098,13.73102380438706,5.025645242504613,21.758685976741916,22.30834964642602,3.1462748668787768,7.072480056609198,12.181792168950684,5.469107097852381,20.59718942444768,5.203069297167115,5.802238361698833,2.978424877587363,2.117346197482538,10.768765310278356,5.797320954707174,4.049214209327858,15.909566461792325,21.00909341054111,4.555242568813745,8.485779712989666,2.9854766327699394,18.446183005757526,12.475954401551327,3.7209226601056002,2.7508527290632294,7.586754740295176,8.900664207136234,5.856709263559059,6.005441889046192,8.107778662751535,22.911469329612377,2.6564415019496836,6.4626887947239675,5.755476402624297,4.290420151424178,3.767814742191675,4.650021793225877,7.364221920500131,15.491332220134067,22.384606359356788,14.644466058816752,4.540559984209845,19.36127208202865,22.66050747955164,4.293740578343503,14.799024388070631,7.2382969351649775,20.23966835839327,6.348603527600959,21.350988600706927,11.257226578498324,6.424373442468834,6.232442738349118,5.3467158186848875,6.485469953984335,12.874535180962212,13.796089910298226,4.7574673502477935,7.300298046751886,8.620914613787516
1,8.61545078578162,999999.0,9.65244737684648,9.784339779379925,39.95764612103611,10.964359885724033,16.81044110271145,9.73453450768431,17.22112572413889,13.814083546746371,11.450556727844509,14.491963630407048,10.468931608263988,16.956838133317337,3.5551802508140677,10.047389778824291,17.924587590990633,7.399781760570976,10.743824213174445,8.401286546626679,7.746947748516774,7.8418842527036965,4.174606671417849,8.095155594016587,14.854824985933043,5.564842174456753,8.922360724624273,19.631266582092383,2.852167343570539,13.491625811958182,8.113171086316465,13.785203116269326,13.18968731121073,10.953060563418711,9.754577696652657,14.854759018882717,16.814196481834287,5.132895684764601,5.749733455193891,5.826172796169227,20.0022470377987,13.52023096145665,19.09671418704025,16.195162386214985,10.688400889097206,11.355872117386008,10.748718162587716,13.494431071572679,17.529367292535618,7.626708066174332,9.347305185090887,5.953921846291963,8.14475019846422,4.0567061757595155,13.277885772514795,12.555023186058937,13.258235890861755,17.498327111604254,9.938372694325363,13.761298229010485,6.466839559470613,15.005479566552884,18.023218689114415,9.57283135901888,7.961975517625615,2.5307660551343463,4.953495582656535,6.6789899287750325,14.616477170703217,14.004020210660995,23.347384273490366,10.324316643109572,14.795795746373338,13.925241164552903,12.882052452780993,10.704035620076512,6.286239467401025,1.4777796452533052,15.069633602690596,16.24529034594483,12.30816531832401,4.203732781583419,16.814196481834287,19.083308572454794,9.554202938060213,19.839719039843445,5.839196328586869,16.01897450448704,3.893965412945415,18.370544300775425,8.500057093095162,15.028060358035209,8.215057564389701,13.271960910550222,3.022109932440486,10.789080018674252,19.183431048110304,4.528461342190804,14.99881877011837,14.013446652682594
2,12.522162413120066,9.65244737684648,999999.0,8.537156184026157,30.315595257141652,4.699496946426501,7.810940537392958,11.056679827344917,13.976278436130952,15.810609612388932,8.02716934954939,16.222454136195136,15.651905656261508,7.8365615720114095,10.299562499398416,17.437947355527818,12.736097364486394,15.014369739930007,4.165631885005447,15.555648648241041,15.98536994561658,14.633736756494898,5.786299413858232,4.684845716885185,9.765200329792286,13.776710907490648,2.7341562001241213,10.298964475933085,7.200315816480546,13.408390176580863,16.023745996935137,15.373329989013138,3.614315755927702,8.355774070896997,10.236722809425409,15.319641292970674,7.3380900474041555,12.43310533773352,3.959806790055831,10.757621490446105,16.04526699024481,15.265143809369285,9.717881398070515,10.593642494318697,12.011257647327714,8.662779794379427,1.9754955635733007,14.139482886710873,8.317445517395363,7.479573010939763,16.757659388281915,11.94759531032166,10.555716390878734,6.210216101435115,13.140321449556922,14.61787965942403,3.71032580374289,8.576482845441804,16.393182836992143,10.61445395492264,12.712567726668686,5.982764798486737,13.601611525737244,15.669661297535564,14.00447863157971,7.520287928699536,4.838889838067838,14.800785992663863,16.824652690893213,11.474099270829923,13.93873022894663,15.16600916072058,15.704045883774054,14.703823901655088,15.935129065937073,16.178008227192326,13.777584244876358,8.932132948285437,5.811780113805864,10.686956795494252,2.658239904465859,10.961343523769978,7.3380900474041555,10.235429757519407,16.02084229669237,14.385269136083808,5.455409365055506,7.722059244933266,7.326853002940119,9.128909925715616,1.3220538882847281,17.04881864645216,16.187570623452924,13.825224725616668,7.9931659834387965,1.345073936649185,14.279215024847815,11.911914094874065,14.548152634409373,10.87658341067694
3,5.531201492177433,9.784339779379925,8.537156184026157,999999.0,34.46041372909107,4.9375465244515135,15.671039801980733,2.9594418144927594,7.452148634677876,7.335051648447162,2.278151077629566,7.7037898417237205,8.574308725640194,15.563003336796859,7.324128504417215,11.719135052418363,8.395930538825406,10.137002012427388,5.2802675320626316,10.068545334886517,11.499752398144373,9.10531264507123,6.813348336246204,3.9518601084021956,5.637530783711315,9.978427024117314,5.80491590075721,17.466219820454906,9.61387961092373,4.9493020519816175,11.160220853631117,6.858659261477198,11.175964064091449,1.4526340245600615,1.9686067068081146,6.829409198740832,14.507437974161958,8.353382170482728,7.2100483874481585,5.751630577322648,10.218100791069245,6.771805332819656,16.843453811887365,19.071132840941292,3.678036006510681,1.7545475781409197,7.553820055846071,5.607559801343053,15.875894940134872,2.1899735862593497,11.204381699905602,6.980948476649,3.519290021329924,9.709694050796253,4.680615202432962,6.217971371206331,11.33336098874277,16.445238329676773,10.08367120369578,3.9946518074267305,7.520790234464346,14.003721331104414,8.294682675463728,9.250361416669959,8.059276996973049,7.538551887708736,6.987572784431209,10.530484748216418,8.347652082192779,4.244209671837143,17.386660490759624,7.973355815644374,7.175707199896897,6.1715521700295595,7.717976559168649,9.185154945536434,9.229467536047137,8.312707109751956,10.197686461131086,19.160899010192878,10.06529289093632,7.396982811602238,14.507437974161958,18.050417243426875,9.809202495979926,10.292687968852803,4.88593067427997,16.039624176608715,5.964985727307027,16.563532815843548,7.529531104905876,8.542250082933299,11.348569552780107,5.294252753074594,6.769397336329435,8.428684720177442,9.511798073720286,8.223300798683155,6.246205042146752,4.238446612231998
4,39.99076209509489,39.95764612103611,30.315595257141652,34.46041372909107,999999.0,30.1728680024266,24.301084121757594,37.28597007881045,32.31048762339318,40.03072848589506,32.264605601532544,39.934642674620065,42.98548000731722,23.990600916459815,39.986185004746986,46.10490618663336,28.894510670039654,44.18000763339213,30.12585682688127,44.35077433850214,45.406144016775336,43.36873721116265,35.93262635144169,32.921772376016115,29.707335521490176,43.41594328697026,31.374968428786985,21.28334463682084,37.47288093111597,36.65316066936541,45.23665166667291,39.357097491578266,26.87873365302408,33.13250131306538,36.30457875044261,37.99747469596325,23.539245310782533,41.86281460567466,34.216151063887764,39.55672628095525,31.14765301935999,39.48059520694447,21.64433079755974,29.760851328587243,37.64067040033105,33.01519610655715,29.31640197349353,37.75375194857458,23.350466147463386,35.23420140357126,45.537438166056326,40.88284764927817,37.93439300255064,36.3958254626491,36.5075201223015,39.50502986012364,26.836458525437845,23.877181803793817,44.53778192851588,32.39076009339303,41.570810922198504,25.76450836663248,30.240030392443536,43.70632613429715,42.41223687898341,37.69884826500145,35.04955011555109,44.27968902835046,40.80450716653056,33.226360578486826,17.09683033022543,42.371595724919736,38.70682150800986,38.130869410509355,41.224990017029576,43.601604577340936,43.06441444234027,39.12025120275888,25.10501763901029,29.818663993793162,27.672641274110525,40.48833588844014,23.539245310782533,22.810100177377997,44.25155227601224,28.088317208559694,34.89902834986327,25.90362713914844,37.10922324985544,22.572788755421104,31.462816711281043,40.70485141660297,45.42061598760159,37.53094007546362,37.94097067241307,29.175245265550817,29.255475877154527,41.4727586944879,36.55237420475844,32.39802006682592
5,10.142912703170579,10.964359885724033,4.699496946426501,4.9375465244515135,30.1728680024266,999999.0,10.867561912494642,7.870975133245267,9.27896570324236,12.146277464503122,3.605636224667909,12.431507825281788,13.30679215082504,10.726023390248256,9.988534820706374,16.01189918163414,8.208900498881068,14.007361297267252,0.5346017168257498,14.21410920381828,15.241131361668884,13.232570196498562,6.862602916978064,2.9298421614450034,5.1268339501449445,13.313843179070332,2.566576241365952,12.536015555637068,9.451828540850943,9.29918972908766,15.064052115734123,11.609794035647552,6.440910090337136,4.17991043853806,6.896870975726035,11.208687695726615,9.59617814923719,11.726406266596905,5.9106312528284946,9.38474193828133,11.382781380424674,11.565950680590982,11.913245690330843,15.109340899953315,8.610368852469328,4.375694286357785,3.0452815468333525,10.185000605936485,11.000338308641828,5.092148215111201,15.414457387789543,10.710514736384551,8.025845463874221,8.92888663959331,9.04177453540645,11.104199230865719,6.605323261648788,11.632118935166456,14.572429189716265,5.991367752248194,11.404849701662188,9.29448546016142,8.957021355367361,13.760525524836275,12.329698998050464,8.437962922198373,6.341241643245192,14.128632391243316,13.145189367143876,6.908671344246543,13.106099018324876,12.731456521303134,11.694455853720115,10.737758164607673,12.647797993994965,13.901246375520941,12.897385050801235,9.736262637948496,5.34843159891298,15.206870804688664,5.386410504319483,10.404574061254184,9.59617814923719,13.204025065949262,14.252395259130271,9.970457125961918,5.168445489403419,11.44392945487713,7.360825620514171,11.662384789597105,4.328283301339184,13.28880977821633,15.247854782433004,9.873497589460543,8.280574498598355,4.023941408885614,9.726057186207909,11.378397636929657,10.245113039858264,6.243028434494465
6,20.232087898067686,16.81044110271145,7.810940537392958,15.671039801980733,24.301084121757594,10.867561912494642,999999.0,18.468884648992017,19.11007660695658,22.981554643783507,14.438465637271204,23.290946296235003,23.395185034106174,0.42631240444876717,18.02230174817065,25.240053354400757,16.6816447348883,22.785223062046995,10.441786033943977,23.357546416923654,23.701079666160986,22.44128373048526,13.404858906598717,12.215316734766105,14.59527245494699,21.460095810867582,10.174409731137196,3.0285683883007795,14.032756414002789,20.15597554263995,23.779435148412308,22.46312501738149,4.504802334357342,15.047383097885431,17.55681273701365,22.056695984930105,2.02382390786066,20.18618528038907,11.539061813191973,18.56789064189224,20.348994771923472,22.40679472856121,2.6719173949763286,7.120664808675041,19.326400626771633,15.23372759176566,8.14530077430732,21.05255535642213,0.99828435505637,15.073250545806994,24.555704332288947,19.755731215883447,18.199241464978495,12.847375846309177,19.901311925362126,21.889010445738634,4.352920829352067,0.7786535377380049,24.20045229410777,16.482262932233876,20.52108452168529,1.8434255467604612,17.98530363444573,23.47017788626039,21.813188747005817,15.038388765811023,12.434279151089266,22.515704236764222,23.987522193152394,17.48206074410247,10.520739855179771,22.8875723120908,22.557976831739445,21.60509008301066,23.350466315007637,23.93663453222931,21.54142051276581,16.389464136210414,6.87243809678718,7.217934522617519,5.629002327608749,18.713250768800012,2.02382390786066,2.4306186394657887,23.8295626875372,17.732234341075007,13.26597762804308,1.9286120394487438,15.077783844691808,1.7285464939538446,9.129880849254814,24.145911995642336,23.93858119521135,20.74095713212163,15.667440656388013,7.36739887920736,18.138859099599532,19.643302717208407,21.021622274078247,16.689864770582027
7,2.9011234553364043,9.73453450768431,11.056679827344917,2.9594418144927594,37.28597007881045,7.870975133245267,18.468884648992017,999999.0,8.244725398201233,4.865274204162102,5.026191752050048,5.388845214311343,5.699580838701553,18.383616981113196,6.530387486114543,9.13741024749575,10.164647210229278,7.965527970232056,8.181426566214213,7.659677312133013,9.370796401928985,6.758753515747,7.930206045894621,6.373538755740333,7.930746507298095,8.278299790694543,8.38820628520793,20.367887416424757,10.407892904308252,3.7627516021764777,8.91205654916393,4.55470978105311,13.9640867083836,4.1610100431109664,0.9990159469099499,5.204170058276499,17.389299861270967,6.774660316392838,8.912425741521234,4.354435809966989,11.081725177482937,4.376850813771194,19.745614361511056,21.37582886001746,1.0632180560647508,4.274294995816438,10.323589784513327,3.829952017265701,18.72392712719248,3.6513833197356136,8.701954167005182,5.235071056844686,1.6422609780314834,10.829392156268494,3.5599668795335044,3.6040723772509415,14.11655867636906,19.24649140237031,7.380323125534039,5.591227067294139,5.541997677316072,16.754907739586734,9.6596171641406,6.548568980783757,5.635284122500886,8.007606359860095,8.427238299713087,8.570168165657178,5.861476385477934,5.270435848324036,20.248645232091487,5.08595465011403,5.281299449956615,4.320276157867116,4.893485033329588,6.315885085987122,7.297410643562981,8.298751696496598,13.156008812993555,21.460372596335816,12.840934139201806,6.288011721801499,17.389299861270967,20.870565678302935,7.150615407987668,11.943740953873302,6.406160304868251,18.71344966433349,6.4721163510728905,19.432072203388216,9.9114464845151,6.147571613986006,9.096549515056203,3.5774840772352077,6.99017856099772,11.13870441000072,10.971879732180142,6.8578786047835525,5.269584933316409,5.734811797392774
8,10.932333045037534,17.22112572413889,13.976278436130952,7.452148634677876,32.31048762339318,9.27896570324236,19.11007660695658,8.244725398201233,999999.0,8.311939293039037,6.319748224299944,8.00571240838312,12.81228694798068,18.853831177474518,14.496858504854558,16.762543827120407,3.445418168778465,16.078138711882307,9.813530989417046,15.59281788929662,17.479445534179522,14.786302485251516,14.130235814814645,10.48626708432732,4.523110134948768,16.521963918278708,11.561102220897427,19.86050718836832,16.974092105981235,5.319777115653612,16.949655842615453,7.652999100050538,15.156013601348821,6.481574367341245,7.7660302952888465,5.978346236125719,17.382852277140433,15.012092708306369,14.13725164979551,12.517345349512135,2.84519050714048,7.871188326459414,19.281581439724835,24.27767846005092,7.786354606953469,6.066552646029262,12.25332487513131,6.25627979143243,18.92836160633735,9.63838193573648,16.47508857581658,13.478187788610011,9.801913887314502,16.92729629737616,5.3259279349175825,8.29597743211067,15.321232887374462,19.799066186722875,14.86578613669737,3.6201134843337823,13.770603333897384,17.873692369260404,2.0833793234554965,14.105009273297268,13.648124500276625,14.985880250247611,14.13118323708426,16.766602821316265,8.860126423416038,3.2172679433456444,16.312999556604108,12.230795203960794,6.6926786152831275,6.420960358340597,9.861742096279192,13.370642832572495,15.515697898495784,15.745148877955899,12.31157503358908,24.3776362639011,14.277172155377764,14.39701383129757,17.382852277140433,21.154018900641788,14.749741577914993,4.44655142852928,12.127292224054639,20.132638786763394,13.416804561207265,19.378813573042045,13.456864794626817,8.65780020803912,17.126416863621305,6.16574573890692,14.215231258812167,13.228240192876472,3.2615835532397397,15.05848958751457,4.554077137071141,3.3440822183825567
9,5.245594075609028,13.814083546746371,15.810609612388932,7.335051648447162,40.03072848589506,12.146277464503122,22.981554643783507,4.865274204162102,8.311939293039037,999999.0,8.71960944369837,0.712936211566897,5.252530866626026,22.858795650003685,10.30039683680749,9.222451131430754,11.39458434741558,9.455389053861097,12.546065940495788,8.60390607067394,10.711804133030176,8.098146588292433,12.686557787185384,11.136881310841,10.38896415296179,10.634522016028635,13.097349700653075,24.644394656216335,14.97586580600551,3.3804600490229126,10.040680687005642,0.6779231892316687,18.497970288726517,7.99715160381061,5.582696759742383,2.4072635263577515,21.736220497433557,9.593012591469693,13.767641689263037,7.991449915390374,10.669001793049985,0.5888978235417065,24.02287899078579,26.220904066753945,3.8346347696039915,7.885540007922259,14.886324745876632,2.279335094159365,23.14591419554444,8.507962279685222,9.141276577504234,8.181837178964985,5.991076136784038,15.525381588154925,3.543216819035027,1.304134472500811,18.656933179544993,23.752708100625714,7.352191862226225,7.6982900504997565,8.023572087514909,21.333672788628668,10.312018791219232,6.768036147271524,7.114736230169623,12.510366006348175,13.249530470504613,10.402357159994382,1.0144773937369713,6.81142079226805,23.33797304523676,4.827914685362179,1.773181311133425,1.9279881620658055,1.7048635877803204,5.668408324410317,9.423688299405786,12.49953666454356,17.14108230749668,26.306552479773124,17.3931053151822,9.786129726034885,21.736220497433557,25.342338245991954,7.3749883460789105,12.73475997547643,11.261788747917537,23.373632991516487,11.079067392983744,23.805924382602605,14.715448492844637,1.288887219344118,10.184169073104718,2.5218151419658095,11.428818891440352,15.763061344517702,11.56505728915515,9.951827366281279,3.7616536291954974,7.659285348107289
10,7.762265434674378,11.450556727844509,8.02716934954939,2.278151077629566,32.264605601532544,3.605636224667909,14.438465637271204,5.026191752050048,6.319748224299944,8.71960944369837,999999.0,8.94010777864366,10.72293131747737,14.279102769487942,9.367619772009153,13.981173176151374,6.475179413375248,12.41105033916015,4.08855611173194,12.344672668166803,13.768665662759911,11.382820159853548,7.950418904123673,4.166540077991124,3.486820336992101,12.195878440308604,5.408783440868376,15.943549660771085,10.800282763549934,5.719863906672625,13.436734435305727,8.142438594537957,10.0423364961141,0.8682652360592988,4.040207588365564,7.618404752975801,13.07254897317573,10.564286462409536,7.821120400754909,7.975320571919728,8.852782568988637,8.131758383569757,15.323503408811034,18.59313880266194,5.498448498459908,0.8362085252673612,6.604555359839898,6.651960878826797,14.520782740408821,3.9441680088895796,13.475359134745048,9.231304290688696,5.791574480159203,10.657715726969016,5.4679702397474,7.7878675349075515,10.207317532756973,15.196435514729448,12.316734208952921,2.7211535730395453,9.789299488344081,12.89470297857198,6.65933211204458,11.482016188458736,10.331858024828437,9.035593862129266,7.8561662575356825,12.78449293582576,9.695645923423873,3.4701905179767514,15.222865593863677,10.111109243915841,8.127711447353533,7.193648072932948,9.427992051213906,11.338521710879572,11.485605727917864,10.017741547898988,8.426404058623698,18.688495051341313,8.991986673907755,9.524561449481038,13.07254897317573,16.74360177964869,12.053354927481905,8.390792388405053,5.934508396804632,15.04953184881047,7.5566840601000775,15.14719964570846,7.304061309510415,9.801085545089393,13.625094021066358,6.345965008539081,8.44491186474534,7.567691456423411,7.755901607490513,10.393766843202407,6.641305085592368,2.998128849882038
11,5.943763581202307,14.491963630407048,16.222454136195136,7.7037898417237205,39.934642674620065,12.431507825281788,23.290946296235003,5.388845214311343,8.00571240838312,0.712936211566897,8.94010777864366,999999.0,5.915672789824542,23.15682282659262,10.98781521243656,9.856810790366039,11.187508077297558,10.154218094964184,12.849202199461539,9.289056879735327,11.400607934693973,8.799231561435622,13.270243622564976,11.566746561241306,10.37975387980488,11.34640044196406,13.497837339039402,24.88359159160749,15.603905754601765,3.3813215190437753,10.72444884641154,0.8505428749181607,18.822897455867945,8.258039327039723,6.037082986145259,2.0276514077762857,21.99984435006283,10.30439642967458,14.300913874965422,8.67442589204372,10.251790456797313,1.0182617404566199,24.263405577841016,26.682542984302334,4.33598426272452,8.113552471800379,15.230978358078088,2.319423174209715,23.427723397213594,9.002666955172044,9.798132986755528,8.888267315223818,6.601609019126378,16.128478053192694,3.5844144870441133,1.9418249053951662,18.983498771969277,24.05886356396809,8.001529259665746,7.70757257610127,8.73573995795144,21.66730572816764,10.042387881388896,7.439371678243961,7.8234147141437616,13.144339467739497,13.807454950979352,11.106672183594053,0.8717922511222408,6.775650684968933,23.332430232403727,5.511127265972941,1.3196108917277716,1.8396861927097543,2.323259887316033,6.3082901058996725,10.13480425692021,13.165723062817404,17.33275134315543,26.76938626425524,17.726573351330664,10.483140043824886,21.99984435006283,25.635504060429906,8.038560904623035,12.448820641248211,11.794828242286627,23.733784384834564,11.693749005127623,24.072910133562832,15.15541065804935,0.8610229728222332,10.865504903078113,2.609676064184897,12.068581388007996,16.124578802032815,11.267253089585127,10.65991408268251,3.46561152055002,7.643246406088
12,3.1893148920107923,10.468931608263988,15.651905656261508,8.574308725640194,42.98548000731722,13.30679215082504,23.395185034106174,5.699580838701553,12.81228694798068,5.252530866626026,10.72293131747737,5.915672789824542,999999.0,23.367244645338488,7.027150489018501,4.020236165667238,15.388182506932445,4.4179905998176325,13.535777770206277,3.4301824311155307,5.546555400660195,3.1561927979796858,10.939261741892585,11.219929751314854,13.517871027106997,5.958669023177367,13.240437688991367,25.562711936938975,12.433862090054784,7.4956082318069965,4.846416553226524,5.691336011285376,18.944289796716973,9.85595162677658,6.683128962883843,7.472460206540198,22.547728909598582,5.4498508106478285,12.53493482911659,5.238202968120773,15.452595976924638,5.390284838531997,24.94644311026028,25.20590902276588,5.457789673814045,9.972558767933664,15.366708948514825,6.653080547567,23.774692029466845,8.391741053218913,3.8899629028826084,4.567177024759052,5.295843953951158,13.306728981882678,7.489081979746644,4.646574794086326,19.082990764042734,24.171113243989627,2.118240911457317,10.991670255433549,4.002259742670254,21.600005224286846,14.59951493910067,1.5337186242291794,2.548005271360093,10.059217467699558,11.773264056968387,5.443630161261773,5.51293991539924,10.414342414067367,25.94094331765212,0.6208023087527141,6.960724201538412,6.6726382843681336,3.606305078728177,0.6168382406310585,4.7553118108293715,9.484465855769464,18.65327336339319,25.27805547292299,17.821095314020123,6.297091247889993,22.547728909598582,25.825044227215944,2.123122207241605,17.007570934613785,10.285188147313589,23.35417713048415,9.077104751295316,24.53257914110904,14.369632778768022,5.968367697252629,4.976462636803582,6.682568545681054,8.99211368416616,16.047122482095965,15.917046950197866,5.995923861739931,8.54944516269255,11.074143893611202
13,20.196772137363414,16.956838133317337,7.8365615720114095,15.563003336796859,23.990600916459815,10.726023390248256,0.42631240444876717,18.383616981113196,18.853831177474518,22.858795650003685,14.279102769487942,23.15682282659262,23.367244645338488,999999.0,18.089382596444214,25.27448719039472,16.38132072570607,22.838120460195075,10.312904117833895,23.392155564584048,23.773166376120727,22.46948157346622,13.486721384998893,12.167089631721508,14.345667978906269,21.539459402495932,10.13160771268558,2.7581925291178533,14.196726362612063,19.99888404903357,23.83866143686913,22.332602053918738,4.433919669131867,14.90461989444341,17.462334012703586,21.89430593247107,1.6389834345481442,20.245173929071534,11.620291131611772,18.582555230237258,20.050312763353695,22.281817188909198,2.3462797886019775,7.546694351512959,19.227043842190323,15.081027234875998,8.066459751652708,20.907713988212297,0.6403467112554808,15.02299717191243,24.59360540708143,19.783216489045493,18.1513164168236,13.018394056398213,19.746000159072636,21.779491918880495,4.289373890157869,0.9453317901901085,24.207480813543548,16.27712869015444,20.54787535377498,1.9513596395687007,17.697963832995665,23.470086979510672,21.82322091264071,15.139187819360242,12.516778353207352,22.587512802195704,23.862326699983825,17.281036203621735,10.096873214405804,22.853146998446675,22.40469274763869,21.457986327738297,23.25734882751957,23.913923210940286,21.596897462195177,16.501454645049986,6.582332914814998,7.6438802613581975,5.56147801912159,18.77197604717566,1.6389834345481442,2.487960537914378,23.83907164308525,17.404685176954885,13.28417642274425,2.351642024239179,15.13438956143668,1.4514840042481354,9.158393162568109,24.01340889137137,23.9995627540706,20.597057528079578,15.743522274110392,7.322354745507484,17.829173779574713,19.708964881654627,20.84081487943741,16.480514428295105
14,5.074111177206228,3.5551802508140677,10.299562499398416,7.324128504417215,39.986185004746986,9.988534820706374,18.02230174817065,6.530387486114543,14.496858504854558,10.30039683680749,9.367619772009153,10.98781521243656,7.027150489018501,18.089382596444214,999999.0,7.38773362983946,15.717997395894171,4.80473558352753,9.939036597518598,5.547868319027026,5.68691432898575,4.772180694595968,4.643004973720037,7.10722855503259,12.85327726296775,3.4920021435606334,8.640553069419173,20.5984170705629,5.455064423547842,10.273313239140471,5.766455324643261,10.307967043699493,13.897678696679252,8.69239114968523,6.764016409831993,11.48471770903301,17.62960387593935,2.190872490101151,6.495154850915872,2.3210395699499284,17.333519430845314,10.033725273084137,20.01681450861178,18.644803986880376,7.390621258263945,9.051847527262499,10.778798554803979,10.148893932457346,18.597289397160655,5.444103757869517,6.679074026057205,2.4606120608929247,4.88970036174231,6.4283981736865705,10.08287852125262,9.061178463868893,14.002669445576432,18.766229496823243,6.822125753994639,11.270869521542743,3.0816746431374575,16.178876967597382,15.577017865438412,6.316977939083364,4.611940630577931,3.2523765635589443,5.608028648733142,4.5017277709041945,11.079544111853163,11.31750191026674,23.017223079781086,6.828460729717674,11.368750668588333,10.542579566265122,9.328385406772153,7.3260382396277475,3.555197622607406,2.4579350994947444,14.883599562216244,18.707825454405086,12.86104408792275,0.7775665396001993,17.62960387593935,20.412390540404907,6.427039904928833,17.61678931617991,5.103262538702995,17.580572213278135,2.978370821923026,19.41766912289816,8.989361608651164,11.496982087275873,5.921191307283472,9.951426797317684,2.3780516688721343,11.1329897355421,16.81988773716862,1.621636418478325,11.772290771093143,11.49478642016423
15,6.2529602760134395,10.047389778824291,17.437947355527818,11.719135052418363,46.10490618663336,16.01189918163414,25.240053354400757,9.13741024749575,16.762543827120407,9.222451131430754,13.981173176151374,9.856810790366039,4.020236165667238,25.27448719039472,7.38773362983946,999999.0,19.183041008663476,2.65962586673438,16.137244532418194,1.8825179384820128,2.657472395417737,2.8236879851057646,11.992189833303488,13.502836837719942,17.066348360598063,4.501242068253349,15.381700954271118,27.67741372507863,12.610264058379073,11.465876471167235,2.0386685549993433,9.695788909858901,20.957343743012338,13.122022190422367,10.033822355804022,11.487742654178083,24.669313952758827,5.2090669416739654,13.809245409135762,6.757685325428877,19.442176240077195,9.398389378749373,27.077990677547653,25.984749326255674,9.165679889393921,13.315741701471532,17.570670507638944,10.661994014855761,25.748481668694108,10.919830417819824,0.7122863910154817,5.500180981656427,8.203459470729669,13.695527509573425,11.439360706383347,8.66619159118417,21.07778950579195,25.99842784568229,1.9083559469023141,14.677594302518761,4.740702308107104,23.401928028439425,18.48551514309778,2.6623751328537413,3.693037407785839,10.624753363925318,12.941346360602882,3.430483780251103,9.354462561314214,14.2037629445771,29.008268290588624,4.557212486343243,10.958892367460336,10.692738854692593,7.534078963424574,3.5544696841114396,3.8659486327406527,9.582524068503979,21.301006854633712,26.04451716284908,19.86991585943984,6.633274475446123,24.669313952758827,27.654493945566266,2.021930833774107,20.86830203936489,12.00335194630338,24.910243748150442,10.203067001861273,26.549867962467296,16.116099912710094,9.79519358124341,2.0092367822394803,10.677472958666996,9.751800874806175,18.09365932132287,19.808268431334294,5.818578234096951,12.564629340221025,14.791961488919336
16,13.04556164909779,17.924587590990633,12.736097364486394,8.395930538825406,28.894510670039654,8.208900498881068,16.6816447348883,10.164647210229278,3.445418168778465,11.39458434741558,6.475179413375248,11.187508077297558,15.388182506932445,16.38132072570607,15.717997395894171,19.183041008663476,999999.0,18.122600666164818,8.705827867332948,17.809277066653888,19.525291231762882,16.921739782183465,14.30274479848384,10.27376851598613,3.1735099575271515,18.249944623458493,10.751215923127365,17.065078452501236,17.12385165736885,8.12950622758347,19.076689208460625,10.718382777199327,13.137651497157007,7.044242442919792,9.424852208825243,9.189222211658143,14.823743769266875,16.65223974710593,13.8571441788758,14.05634530357524,3.66963041232844,10.894638963692937,16.515526815195567,22.450303892094002,10.01737002617641,6.670503098525437,10.82411097042826,9.186754199424634,16.370249026151694,10.380737385799153,18.807142596430502,15.194152541601998,11.499583807076764,16.834409755761317,8.05231510938785,11.14497609926832,13.294950945467189,17.31643842014825,17.33566818617597,4.589495419858082,15.623728100591897,15.659387314014682,1.4959963986674376,16.530930496788617,15.793618190460656,15.492669295199788,14.069254903923651,18.673714682763624,12.057275905260491,4.982218094907329,12.910135206315365,14.778540240240005,9.907582364167403,9.466819852399606,12.812472984692102,15.98092048700376,17.379777580245786,16.49271585449999,9.81139834798145,22.553114000862024,12.423852992784271,15.782505947231735,14.823743769266875,18.545630156217786,17.16367979204208,1.9156933692662492,12.307988314019457,17.919867692282434,14.030643179506463,16.727189748079947,12.532451695409602,11.905214764331653,19.261189436202827,9.024666735597503,14.919959756560049,11.738411730170965,1.5504019063814432,16.577574296055026,7.734924163701247,4.430364657494179
17,5.14766711320498,7.399781760570976,15.014369739930007,10.137002012427388,44.18000763339213,14.007361297267252,22.785223062046995,7.965527970232056,16.078138711882307,9.455389053861097,12.41105033916015,10.154218094964184,4.4179905998176325,22.838120460195075,4.80473558352753,2.65962586673438,18.122600666164818,999999.0,14.072742027352803,1.1440833056157191,1.4063189012018191,1.3646046807275216,9.443760929522496,11.334064855479529,15.705750463622392,1.9126181160905633,13.112802915763211,25.29925903399383,9.95212237595444,10.972499865623709,1.0567160181062312,9.776560593133526,18.57918540714811,11.585404651587632,8.715896205643482,11.438389536957366,22.307090636343318,2.6145024681204356,11.286060635856987,4.623746812256008,18.868321771965547,9.466880407331747,24.70820997321517,23.338987415903272,8.292034541272939,11.840729073965717,15.296609207554331,10.373148928198313,23.330932211222724,8.965352840877772,1.9519202267549012,3.29737688501854,6.684980778036593,11.043941028984573,10.884713246116215,8.577912864408562,18.692502345482517,23.53559395384412,2.8917550517619395,13.537187319022241,2.637846396967847,20.942721188052975,17.609750468671532,2.9558245760672825,2.4589749249197745,8.008907836298587,10.404812684713365,1.049803432912581,9.859325716455132,13.228366431314573,27.10216084870842,4.680050582721743,11.038971490392033,10.543156569887229,7.92135945797648,4.292919616529876,1.2499154015944598,6.9298567474663395,19.194713227343694,23.39782987080484,17.512745593268733,4.079247402642659,22.307090636343318,25.186519142963633,2.5900073353596675,19.909175791378456,9.642633280810625,22.38181478312891,7.707804672675374,24.143115728423922,13.694180043597163,10.317804091323746,1.2409159660042448,10.309725183075784,7.182521194330419,15.752140551373103,18.926994786410887,3.2004555877959824,12.272526477763307,13.69280892583155
18,10.35795362053712,10.743824213174445,4.165631885005447,5.2802675320626316,30.12585682688127,0.5346017168257498,10.441786033943977,8.181426566214213,9.813530989417046,12.546065940495788,4.08855611173194,12.849202199461539,13.535777770206277,10.312904117833895,9.939036597518598,16.137244532418194,8.705827867332948,14.072742027352803,999999.0,14.32128395558109,15.281171382232214,13.341896259869548,6.605071018062436,2.832960125521374,5.643498743926597,13.310180700665732,2.1282561443335046,12.190371355789736,9.122725387790728,9.753865310119183,15.12899694530858,12.021742641375345,5.987068164651138,4.619154004829733,7.221576172362978,11.667741130334056,9.227221691007227,11.740690191340988,5.543723761934341,9.459733633055864,11.907336051933102,11.968921104515749,11.56776955364972,14.584118937932807,8.958194305921927,4.837947194730846,2.5287416565438345,10.619810528774192,10.606085625795664,5.232772827550822,15.52731344937913,10.781519490092105,8.242084193776584,8.551915315752792,9.49420330617758,11.480072140303259,6.150013445529638,11.210367094338894,14.740535339989014,6.516981006443089,11.4904580090261,8.839861123999814,9.47735934371596,13.936052535522654,12.467897899220029,8.22842100143979,6.02771558060571,14.154515137845785,13.549460939200797,7.426507421065787,13.09245931282976,12.969367032594482,12.140445610173073,11.175628532649078,12.998124307562666,14.124043853709024,12.940943274609845,9.556980841220367,5.167561274421216,14.681404258724477,4.91486531704215,10.38893219739854,9.227221691007227,12.79635731429402,14.412559991116698,10.449262033536135,5.008684120481566,10.969758756241172,7.22973845409571,11.285052423036786,3.8267857815338884,13.70417024365175,15.311248170049096,10.307035068158115,8.137798777512357,3.50401322230792,10.22923224455223,11.369031019189523,10.729346023554879,6.770319781583069
19,4.764588282340884,8.401286546626679,15.555648648241041,10.068545334886517,44.35077433850214,14.21410920381828,23.357546416923654,7.659677312133013,15.59281788929662,8.60390607067394,12.344672668166803,9.289056879735327,3.4301824311155307,23.392155564584048,5.547868319027026,1.8825179384820128,17.809277066653888,1.1440833056157191,14.32128395558109,999999.0,2.118411651529137,0.9822714170557569,10.125967900939964,11.65571471676227,15.53500709163514,3.0258592249272778,13.515776460412173,25.79912666921455,10.859442061261998,10.386549182512104,1.437711295973839,8.975200724646156,19.07823925877618,11.497160942182232,8.492467945042959,10.691847939079105,22.79245525138353,3.397871900450096,11.935116195146376,4.898198296807472,18.344713176241985,8.666856512134329,25.20055682708763,24.181533523697922,7.8457745539799255,11.719212710593125,15.70514453491818,9.704480162582723,23.866902919816354,9.126125395487591,1.214143044953838,3.6234985913032154,6.554837969682389,11.915054018083481,10.322783917381074,7.8214630589436425,19.198061204432136,24.116015081737146,1.7496216793399055,13.249239679211916,2.868927557741383,21.519493673443648,17.211043169979128,1.9104295386371828,2.030520968844936,8.79721151962176,11.070874098958527,2.1806149975459457,8.933903226432339,12.861029237885273,27.255735191839435,3.777942695228536,10.247003394878506,9.825390605020834,7.0099052702864455,3.227282354277867,2.1171889923157803,7.815130302328146,19.47767838072242,24.24313408391886,17.992796530954248,4.783179018442625,22.79245525138353,25.772170751193848,1.465471336713953,19.552679380806328,10.123333250846802,23.034090570545587,8.326589953649991,24.668994055168536,14.233762656776255,9.390843550454655,1.5888764690134045,9.67023444180605,7.896855714386656,16.217951532139804,18.53367067810539,4.0195000974833475,11.61700293179478,13.385500874909734
20,6.5515887867173825,7.746947748516774,15.98536994561658,11.499752398144373,45.406144016775336,15.241131361668884,23.701079666160986,9.370796401928985,17.479445534179522,10.711804133030176,13.768665662759911,11.400607934693973,5.546555400660195,23.773166376120727,5.68691432898575,2.657472395417737,19.525291231762882,1.4063189012018191,15.281171382232214,2.118411651529137,999999.0,2.7151093413134992,10.300466011333109,12.505839127744492,17.08719555396018,2.271493998025611,14.215719264041924,26.28431911545669,10.463038779078198,12.3537926257269,0.7293682866531624,11.067162526473357,19.57889302561573,12.950809365691441,10.113342610498034,12.761053460235495,23.311126574129997,3.586871836490667,12.163790182842565,5.893342150847447,20.26522168455482,10.758013703994699,25.70142106008325,23.89244835353639,9.694247556089172,13.21450738501397,16.386258386970884,11.728621286581298,24.283590612241426,10.244232462963648,2.1251046540371523,4.577270575475752,8.071886294697872,11.60887745486305,12.271484530607701,9.892569320655918,19.685696693458592,24.44124121900686,3.703374845827726,14.93869398555169,3.9794134268848227,21.857896647570975,19.016058394071663,4.019487865154064,3.8417623671065786,8.74626667856695,11.270536345298265,1.1856622989783983,11.052312173618164,14.634554135124636,28.346758152838845,5.891197803803249,12.336303152067966,11.87877386246416,9.127411745741666,5.311584853193332,2.344242251689114,7.534055228224408,20.368153663519493,23.946503663489572,18.53326451560686,5.039362601029371,23.311126574129997,26.08346601179195,3.508987014878523,21.314537350004567,10.703371975924991,23.207718377120873,8.659554430721093,25.104481280741286,14.67306501563982,11.50925034220673,0.6704608674519743,11.675202931373038,8.034217285308909,16.7913427407415,20.333307786885502,4.074568595575855,13.634273992224255,15.095998894086655
