,0,1,2,3,4,5,6,7,8,9,10,11,12,13,14,15,16,17,18,19,20,21,22,23,24,25,26,27,28,29,30,31,32,33,34,35,36,37,38,39,40,41,42,43,44,45,46,47,48,49,50,51,52,53,54,55,56,57,58,59,60,61,62,63,64,65,66,67,68,69,70,71,72,73,74,75,76,77,78,79,80,81,82,83,84,85,86,87,88,89,90,91,92,93,94,95,96,97,98,99
0,999999.0,14.62854861622245,10.649474351127143,19.282814754580755,6.815145658355906,1.0264973577416352,7.177207063167596,2.117346197482538,3.922172776693267,5.218399065660816,10.261478492130848,2.8426417474200747,5.25848719084202,10.973945481595772,9.115925276754568,10.005817801641797,10.140410098805242,5.222698017794041,3.952356048388181,8.14475019846422,4.674482708462739,8.242084193776584,11.499583807076764,6.317173884173589,16.856751315912096,13.374210587355755,8.375256099347821,7.404622270554841,3.337205919760327,3.128732965747762,5.548637404805737,5.579988512284924,5.450748449259008,4.88970036174231,9.441205943245722,6.730421586701606,10.762043139526513,4.686943034704475,7.365895517363725,5.726474196317641,11.703153279755321,11.259010704740671,18.1513164168236,5.389123949339773,2.2821057243257834,5.743110437842072,17.203022178953105,9.788382907940738,3.5255845102687635,11.653580695290549,5.194347660869363,7.923549130694325,20.583260434751846,4.215588054520384,6.975637282534854,6.777813461577462,20.66345345152466,9.184965230952228,20.797650361426136,0.23159159822322692,7.600809838652976,6.594103115207906,5.271939146187889,9.68582776025685,10.762043139526513,8.456829733080225,5.363201668764911,1.3480618770989319,7.296498061734099,6.712625840745167,7.244521925240299,5.799423911533195,5.502769459447152,7.3976733405511625,3.7576246880143302,11.084574958829116,6.789811039901506,3.2922523061536544,15.448667649051341,17.280655871687923,37.93439300255064,10.656387498117976,5.598325961500938,0.9073799692592842,8.242515025417232,9.39906787460102,12.589997644342251,5.37433106939924,6.70527312974136,5.116367742488975,7.800170283515024,3.7329355018317942,5.87923334482537,17.386031616753336,12.407773466979524,6.853655845139432,2.9944841818350714,10.83250866196079,17.280655871687923,7.029005076894824
1,14.62854861622245,999999.0,5.333863141492867,4.670608798554839,15.748771467391556,15.594435291052106,19.55665413463749,16.70743852375198,16.717717454522603,19.814335454480677,7.92047644594481,16.05689107143594,16.664852966556907,3.7211721195315697,12.40276059087113,7.658380758379487,13.292498641411767,17.161011355178733,11.35028780825491,14.464224763641072,12.657279274416892,6.629872990622674,13.015287975739126,20.503816225342646,2.3055521196018867,3.315114482068842,21.169691457341177,21.232946216329854,14.148819007645665,11.50628847807556,12.760295278459825,17.79548503356932,19.703863303269657,15.067746910141008,7.656106107805738,13.775123534399267,16.521780081002014,18.109511413554493,12.896876029551558,15.540383881885885,18.4244552938962,3.5972859999540154,3.712115661548087,16.28770640969111,12.478987510801488,15.27792483290818,2.575569058675586,12.290700801373857,14.085193697829508,12.772311531725615,16.03530372998813,6.945376388129527,9.68197047853084,16.109306989088264,14.587373259239486,18.55762893142293,9.786080979676571,14.33961607138675,9.798443258792506,14.436488236751382,15.486462049555858,18.24645624334099,12.804736743371025,12.231940964328974,16.521780081002014,8.43641092629421,15.898377816283244,13.608437756587643,7.3389960105578345,10.622465939580216,12.847623856385272,17.75037097650383,12.802521862337109,8.339957783478823,16.2182807023108,13.78362322378987,21.220321131885008,17.856563208014883,18.943292619756726,2.6541711885827226,25.578805254969733,5.116497305346182,19.22069205761932,13.790446180376106,16.016788137270673,12.0046376040758,13.612970792479162,13.482345182271178,21.245161637060633,11.289132700762085,19.800419722880687,13.473741274172385,16.62829518592755,2.7741615302765568,14.513513147015727,11.83773363060139,15.781060253932246,3.9546072512368293,2.6541711885827226,13.991180390265272
2,10.649474351127143,5.333863141492867,999999.0,9.411880418000969,13.856183657828053,11.487707448965633,14.520854782389096,12.557522111845564,13.60012657415464,15.566575794779503,8.454224305240865,11.44830731899326,11.64427529556208,3.681453930033277,11.940285442067822,8.025104381740693,13.114137866722686,12.185944300536669,6.856168145221717,9.13414161923387,10.285594459368284,4.806982114324126,13.447088266152171,15.911427188970515,7.558266427345716,6.560092515656944,16.149044772483524,16.47080333670614,9.368445986940749,7.635036957656007,7.629850088367387,12.823153489887877,15.174468535411856,10.023868304379617,2.323881603796956,8.506302805978498,15.90700850961935,14.848915916502413,7.5852420747686775,10.400631292507647,17.6782335160874,2.1374085651473322,8.06677056714359,13.784305921478607,8.861428918444197,10.127992971854773,7.634079099771059,12.133310413699144,9.268454102898007,13.3167268829251,13.515371986586132,2.9302785384792296,10.205038922423938,11.221319129041976,9.309012354246509,13.473988006199212,10.29509792136567,13.591228516696868,10.40465101709904,10.428657287730507,13.928596213963159,13.160153926174297,7.715788978733015,6.965214027561052,15.90700850961935,3.1407719836948074,13.463755524521408,9.420265739544408,4.0316738968961845,5.426713502655134,7.542373849025887,15.036141331688048,7.677574046882636,6.811060587864714,11.42561812859907,13.891681166034434,16.751813890989087,13.624892070654232,19.42206185660193,7.71797443459048,30.88785545555351,0.282744315954923,14.474682335425417,9.952280008182424,14.587281081829408,6.716359189682187,14.360384397697253,8.360773872256994,16.87936221658044,6.375778833616129,14.696251266307295,8.641055271249684,14.2231751153541,7.90111739929972,14.985838674201336,6.569928489895345,12.559750751233139,2.125300988713898,7.71797443459048,8.702874820251091
3,19.282814754580755,4.670608798554839,9.411880418000969,999999.0,20.19918044616474,20.23956253922031,23.91906617559003,21.350988600706927,21.36353895609333,24.45287401971032,11.991959634336732,20.608660645877045,21.034056528873744,8.387040570371777,16.523374123859853,11.818461766144663,17.26266019205822,21.560644987144148,15.902647036442888,18.370544300775425,17.24794207505852,11.285052423036786,16.727189748079947,25.07384964488167,2.6633074853613965,7.076319759424389,25.544797309671633,25.747173455630172,18.63337727731327,16.15621534964442,17.038724635444375,22.1980817521988,24.288788585704456,19.41766912289816,11.610479746139431,17.884141979256704,20.548069669397286,22.762649831655214,16.91015385454225,19.812285219146666,22.452681490875275,8.099403451818409,1.4514840042481354,20.856075821368606,17.146962602661002,19.539861725763725,2.141306688293395,16.301706985090558,18.554660041671287,16.443256229246572,20.608910609678013,11.499947329781426,8.413787144272938,20.554265669190517,18.673893003541657,22.88145477490853,8.50452224501621,18.485473665306305,8.422624673369938,19.087649146991108,19.85587149293687,22.56782230231345,17.116664403111706,15.810630076622394,20.548069669397286,12.53396798421613,20.458896063354764,18.235368222857197,11.986660599712478,14.838587273382746,16.88079510254572,22.340846995243403,17.085697016375615,12.910722394182379,20.706733039033537,17.606851297628154,25.82301008282471,22.492885955938235,22.36992643511435,2.0748600623635935,22.572788755421104,9.26205018714919,23.736727718574908,18.452108822972146,20.338286050058855,15.645069117272474,17.128170586396966,17.76930503075603,25.868178906075936,15.698224167012741,24.106919120570435,17.933286691995402,21.175743085474085,2.0487262227803926,18.124702133893674,15.958061884965023,20.438329133131095,8.502108645617557,2.0748600623635935,18.0592589416273
4,6.815145658355906,15.748771467391556,13.856183657828053,20.19918044616474,999999.0,7.293620816202634,13.507125639527612,7.650424183088534,3.9091618849537095,9.342955879388589,8.47364815252455,9.512100046789412,12.02854896560716,12.219659788841426,4.559526643651317,8.525152736370037,4.859852423092827,11.910727713870525,9.246694500906067,14.712925939972893,3.6225237382896918,9.452947562021045,6.361571067591926,11.335065459258049,17.54001171402749,13.212192983157545,14.352591686143985,12.695756616588634,10.037529232298862,7.484025298226368,11.832704870127094,12.160960300534462,10.567985689496538,11.677612334206138,13.71992295624912,13.243395975496139,4.0766793696236165,4.878402089790284,13.639470125408822,12.527917333228393,4.894735984577894,13.368473153157813,19.44926748700554,1.8856012703019007,6.339301277626611,12.526350354946167,18.074295717965718,5.17916791957641,10.208779300204531,6.646377245631457,1.9061751485717355,10.984994612190931,23.968971906804494,10.99548466410248,13.626398144627126,13.351383923458751,24.063816456516495,3.2930590122524968,24.156198107567864,6.934351131621586,0.9816611503691358,13.216531311926271,11.57156844308465,15.652338786859433,4.0766793696236165,13.008296203253325,1.6396531741283147,7.676756108126033,9.826559372494202,12.174870463452159,13.510233907430562,3.1053372066912037,11.800792669725578,7.483436273619481,10.490476064860067,5.532745876357695,11.167366569557219,8.350938230888529,8.763620697688182,18.13428458961375,35.09163908226468,13.72561977861669,11.449536140839525,6.477802196369739,1.4636137223602526,15.322378474288561,7.21220523018235,11.871056581521914,10.714358483076099,10.730662103008944,14.203312413887362,10.247402712205977,1.704192845860151,18.151061498861623,6.611559259278612,12.818679097433977,4.156944702468732,12.945872604146375,18.13428458961375,13.5716744817338
5,1.0264973577416352,15.594435291052106,11.487707448965633,20.23956253922031,7.293620816202634,999999.0,6.3717742874321495,1.1138485584655615,3.9591525534427636,4.224496175246996,11.271340185502538,2.2231355039625993,4.760867888968173,11.957959392512961,9.954399473302065,11.021412906170566,10.931969976809205,4.617134078785116,4.680896614994359,8.15404492846601,5.53821395792804,9.251306993563396,12.326396569467622,5.295848527567646,17.834265512894884,14.391744389667915,7.480008072387134,6.4057902468631545,3.393427585909882,4.089382330304902,5.813140590831698,4.887444902191151,4.428214034416406,4.70944474074053,10.154524412014403,6.812190832910309,11.322896066856252,4.412147971833596,7.573249051456393,5.485127559547128,12.131205589470063,12.18932437091845,19.089615122335793,5.697506169331367,3.3079847739540185,5.551687127464753,18.169922178651085,10.63713578516942,3.5905205969256273,12.495180737883395,5.538848487669673,8.82657898072092,21.310704087006208,3.748799391177326,6.938142178378117,6.0860362520885625,21.38855381631108,9.884320980424107,21.52752749458202,1.1771228908566762,8.143894352494785,5.934673548260765,5.540558832655546,9.975110803050072,11.322896066856252,9.145064252319825,5.744620179154683,2.0675163899393194,8.255851460782969,7.246416790571946,7.459213530829129,5.837040056766284,5.761672935715544,8.423252718490268,3.2126441737630422,11.860394414377444,5.765822485373891,2.2799236495474124,16.022673919808668,18.248159247544727,38.95645478616171,11.50946369619448,4.649121526655041,1.9337364449293495,8.748934990156995,9.709933046098584,13.403317583234884,5.513732399726315,5.694342394615894,5.676862531033064,7.027625878062204,3.951372691940254,6.159926124836938,18.357605200358933,13.167094964978455,7.214297689277506,3.218261980316165,11.767277141347263,18.248159247544727,7.081331323229544
6,7.177207063167596,19.55665413463749,14.520854782389096,23.91906617559003,13.507125639527612,6.3717742874321495,999999.0,5.856709263559059,9.760647529019565,5.412499359386333,17.042699900864474,4.384643304093285,2.8920368958206537,16.33326296238186,16.29200817847853,16.72398611682629,17.29710887643218,2.4247266072414364,8.460277463019882,6.6789899287750325,11.851658530781679,14.154515137845785,18.673714682763624,3.6373237127749674,21.861250710957044,19.222515484884003,1.6296230798844205,2.9545092715474617,5.567757041020485,9.173233821404406,6.898936837945668,1.8172491981685943,3.7772243461097736,4.5017277709041945,12.454195703756715,6.383191893317448,17.580170076958154,9.475137230473665,7.499863181439126,4.184841181909114,18.195094094573083,15.959378130929196,22.587512802195704,11.750695186482957,9.083080174549277,4.467361521800407,22.044609859748373,16.965568821764357,5.58147277553744,18.830500548448715,11.647044710413958,12.685043947656798,22.77069383707261,3.5682905910261042,5.758127540628213,1.1241285051921868,22.82621312358454,16.247813038968232,22.99763219415815,7.181462467579648,14.41136569727441,1.4225408588490256,6.805133100119664,9.630663468934646,17.580170076958154,11.455938805385616,11.889168311134968,7.181169335675687,12.663801297294446,9.11604396869196,7.474637831476382,11.40859956027668,6.849231709269857,13.970847904986403,3.6894648610413525,18.230041843372423,4.720888450344337,5.304223740556351,22.27045325588625,22.127948004519666,44.27968902835046,14.659024504336806,2.320081405331129,7.943186633404151,14.970307273366018,9.562766405212129,19.759606283457966,6.16911927763368,5.318730478529698,8.268164006398747,0.7317341931989463,6.150927240615082,12.149170930007209,22.28701225590097,19.538801212806856,8.142480582938703,9.350574593932572,15.612945070529966,22.127948004519666,6.345931379067512
7,2.117346197482538,16.70743852375198,12.557522111845564,21.350988600706927,7.650424183088534,1.1138485584655615,5.856709263559059,999999.0,3.9742279207740627,3.1107613023927283,12.276796363613892,2.3007310250254616,4.7574673502477935,13.07165216121642,10.700018612708202,12.041687805155643,11.612330678688672,4.473503327183741,5.720643572691794,8.61545078578162,6.355952148571975,10.35795362053712,13.04556164909779,4.293740578343503,18.94808416179177,15.491332220134067,6.7852112919327405,5.483263071924868,4.047865820596994,5.203069297167115,6.540225805341473,4.601351065244396,3.4249798797409263,5.074111177206228,11.158184805713013,7.364221920500131,11.723894723187467,4.049214209327858,8.222736416638758,5.754173793289484,12.374107162118694,13.295271991194467,20.196772137363414,5.91205245520023,4.392675436158919,5.871470015019392,19.28296828625489,11.392533702366443,4.239455785719197,13.233247644876554,5.797320954707174,9.925582034647457,22.30834964642602,3.846494029840592,7.37580617554741,5.760825869534108,22.384606359356788,10.459041697460307,22.526631107818726,2.2858732327637106,8.558031492230402,5.662171514911885,6.276898017284197,10.668639639843242,11.723894723187467,10.13674072503905,6.03530469209597,3.1482134271640385,9.368607651541542,8.149789755234712,8.11658167167903,5.755476402624297,6.485469953984335,9.482793834308762,3.2549512720712146,12.51609927953589,4.684479935588411,1.1755496756402433,16.413858193864318,19.36127208202865,39.99076209509489,12.586247480195889,3.8856624986097668,3.0147771832406836,9.113664922017744,10.42361699202998,14.100769013278287,6.146197488606904,4.588017729269365,6.614200225339397,6.554835223845055,4.700132894183517,6.3300035118842155,19.47110567848112,13.796089910298226,7.9929050391937055,3.493982191692639,12.874535180962212,19.36127208202865,7.601270026094111
8,3.922172776693267,16.717717454522603,13.60012657415464,21.36353895609333,3.9091618849537095,3.9591525534427636,9.760647529019565,3.9742279207740627,999999.0,5.447614789784172,10.635199301510648,6.114895705663242,8.653755895283306,13.002266294745288,7.809816491844661,10.531996067804974,8.458162677869604,8.424777467459,7.515114810058784,12.03763863018104,4.313403549975586,10.088442025001584,9.96425317403724,7.426118709357181,18.78145759034295,14.777583663611567,10.499452181547062,8.788724203493173,7.225639895487381,6.093449174992706,9.46393498449699,8.575473391417678,6.665362512189787,8.658642330700452,12.811689025750756,10.642353907451728,7.9472867370534725,1.4327047151585015,11.285940778861915,9.443864721392593,8.435025074710255,13.722808947699356,20.397505528907082,2.0421056856901196,4.798872588010524,9.50536176336834,19.226906790902017,8.50214874251294,7.418813326675724,10.208965887686668,2.006030154848406,10.690914674315623,23.771252159102065,7.674238559812743,10.845096126313303,9.732029518536999,23.857844363334802,7.054494271135735,23.97682937281319,4.123603790260645,4.879645430677446,9.636396868603146,9.187439255298465,13.580505892052702,7.9472867370534725,11.908268564188761,2.2814552277456173,5.175050732114542,9.756659278548842,10.449197760154295,11.163875704577794,1.8884421005255443,9.419197978001323,8.543435604537743,7.110557309025034,9.257594483835987,7.282826016251144,4.501129206356874,12.584832569817635,19.29736930072547,38.13880162839123,13.545691557809311,7.614514843734044,4.087664885562717,5.33393640077207,13.285303058799428,10.921763483294031,9.293351989043247,6.859898443496989,8.860785688619556,10.475364420059865,7.654942110837325,2.3955455615065624,19.361271438498243,10.432503815326706,10.728484859027423,1.0596715721238859,13.281980528145931,19.29736930072547,10.934053153907385
9,5.218399065660816,19.814335454480677,15.566575794779503,24.45287401971032,9.342955879388589,4.224496175246996,5.412499359386333,3.1107613023927283,5.447614789784172,999999.0,15.182233405147933,4.380448241311323,5.932520309881744,16.182412927680357,13.093103432317736,14.977640934455609,13.847081134824514,5.389256214830089,8.710616830790432,10.401199554332825,9.006428665993713,13.458845065498565,15.338925248083342,2.1278032886586513,22.05809125349071,18.577555703605732,5.561278028668881,3.498105023621435,6.543457965097092,8.312849289956745,8.972985101033816,5.124596776154813,1.6421079505832734,6.9551999612977955,14.032111240417592,9.4122394999291,13.323289576748426,4.623077187676351,10.42784330320738,7.357558282770112,13.569033374221299,16.38450475445138,23.287073933215805,7.458971377561648,7.473364391860818,7.566499429430223,22.38989689841712,13.792664043106397,6.70646671808822,15.565449654861771,7.449869874803711,13.001874293398473,25.125987080372198,5.442535440179155,9.184649551451484,5.914874060434983,25.19817273231471,12.493288334611261,25.347374281888772,5.394856776685362,10.319749661709306,5.9830826990736155,8.739690385166993,12.88816722534015,13.323289576748426,12.993671561936623,7.727509921614461,6.223216286403088,12.475410674671084,10.85971799743475,10.342255735329397,6.649999021599693,8.914913978304027,12.50313654569934,4.916332768036388,14.678109713999605,1.844247407245572,1.9608412805114588,17.876242406822808,22.468419049392786,42.9177855521764,15.610499105860617,3.1185346829682796,6.10151435806021,10.736165880477802,12.693223255843511,16.32939031300975,8.427032088596004,1.5376103369691532,9.418998922325194,6.12702003293633,7.279598746124698,7.7316728571905005,22.57962096641999,15.87398686664388,10.465636314677377,5.554211534108939,15.967063508917862,22.468419049392786,9.569089011692121
10,10.261478492130848,7.92047644594481,8.454224305240865,11.991959634336732,8.47364815252455,11.271340185502538,17.042699900864474,12.276796363613892,10.635199301510648,15.182233405147933,999999.0,12.734386909850002,14.458831437215022,5.20483255586813,4.534691405488867,0.4444926901375462,5.37202562406583,14.719447650323017,9.008538487090085,14.555336551204006,6.348059749798113,4.047733066236197,5.221204731594196,16.560218150998658,9.340602444263224,4.916084302236146,18.441345189487727,17.664522196138645,11.656438770074951,7.887029077132956,11.74760725083277,15.257204218897717,15.690762440940633,13.21587561302687,9.729917680239517,13.26745414409888,8.615134572496144,12.056699873985709,12.947257110876652,13.997446910763433,10.521497945588418,6.878656828901202,11.451426550623088,9.529678772262654,8.056836441412022,13.826214158324841,9.933128753082714,4.37223098020068,11.708431555687948,5.026496981646901,9.322731272418432,6.726193883028999,17.235675219664337,13.545501998019994,14.005852696931909,16.346989792525306,17.33825977059253,6.49525398987046,17.385075641383796,10.165794702814576,7.984528902861232,16.084062001691066,11.61686411188475,13.781892068487874,8.615134572496144,9.662151233364025,9.110927822005403,9.890093693013464,5.7474401271032916,10.51056949249574,12.837052440525968,11.074454308971779,11.756721161008345,3.1258046997005096,13.35388600021015,5.898151710108995,16.9202284745802,13.420841513309613,11.253994217855363,9.982065347105461,27.73599268992763,8.203005838850684,15.810546460047858,9.367583342674026,8.405304254893949,13.443478247463132,6.002014816198144,12.261009082835551,16.719659104043433,9.988996046842324,17.542535558461076,11.289196148263526,9.735538608753364,9.95883366977353,6.765156505323927,11.752947809615499,9.971418637239218,6.59949508799967,9.982065347105461,13.597874823421112
11,2.8426417474200747,16.05689107143594,11.44830731899326,20.608660645877045,9.512100046789412,2.2231355039625993,4.384643304093285,2.3007310250254616,6.114895705663242,4.380448241311323,12.734386909850002,999999.0,2.5452991904046223,12.585667261821937,11.942248214468698,12.434539178000108,12.980534527581892,2.4043430804153676,4.708949393311564,6.360346650236477,7.499380266804188,10.135358490422593,14.328665354137856,4.4726632910350475,18.348238818496025,15.291103252242351,5.708314905039527,5.20508145030636,2.1768178883227547,4.95855747613121,4.596438393966037,2.7376001301164354,3.727681338691962,2.8053155905142577,9.751690778638824,5.183103329580974,13.527271832004459,6.340835595044486,6.1265894574155135,3.4544898274476146,14.35431401795969,12.512470025156118,19.367646051256788,7.9152719675679135,4.714120202906986,3.579390979760106,18.614036169866477,12.608447784124794,2.331324192599184,14.475399237880977,7.76049948962784,9.117746481033937,20.780682788288647,1.5650103365905907,5.116866649449727,3.9352186126575623,20.85105606343156,12.018425954727334,21.00322200064391,2.8187001557692763,10.350508383976909,3.7559636488394346,4.360030550758078,8.59399813556073,13.527271832004459,8.707239446299663,7.967688653211844,2.845092974530402,8.830898844339435,6.507604505128791,6.031578558027145,7.962225293146053,4.538558982409286,9.71112669517182,0.9968138127150126,13.926470157813677,5.314214461412599,2.7196132152473838,18.22505967664211,18.69530571053886,40.19261976848962,11.523933383224524,3.2094962276855816,3.563032037651429,10.964337469717504,8.377238865513167,15.423506922574292,4.080241544038191,5.500054257129812,5.137476471030648,4.977703525784913,2.922704298813291,8.372042325084314,18.82907512683259,15.250397921102012,6.088522023877017,5.435412965080096,12.120271845954894,18.69530571053886,5.3911273001789155
12,5.25848719084202,16.664852966556907,11.64427529556208,21.034056528873744,12.02854896560716,4.760867888968173,2.8920368958206537,4.7574673502477935,8.653755895283306,5.932520309881744,14.458831437215022,2.5452991904046223,999999.0,13.464767450407056,14.192879783538073,14.115789224254527,15.286270413839203,0.6250943788176051,5.653146116540532,4.528461342190804,9.782322883292114,11.369031019189523,16.577574296055026,5.049018901932924,18.969336386037543,16.386669556563966,4.511909036933882,5.107383981820211,2.8113812844278776,6.5817264242381235,4.047016550452451,1.2164301265449569,4.65115809622333,1.621636418478325,9.617342873624406,3.7992130638290376,16.015163480979446,8.797811702738647,4.913766137767136,1.5401779055095235,16.886917102363583,13.067566982903937,19.708964881654627,10.45776528626712,6.741204693664807,1.803645351409747,19.15325837007797,14.836979599903623,2.784877048707221,16.700032318214113,10.299345155171375,9.803784776382441,20.17047779721935,1.0439137928625821,3.3700553626040017,1.943196027304248,20.231114978346415,14.421090588758261,20.39676798946724,5.183238365818836,12.845987363057016,1.651625785768942,3.9331058682526328,7.255220619564483,16.015163480979446,8.604845012927933,10.502083165178533,4.83362084807126,9.826960062440762,6.26238667016302,4.862554155819979,10.48841192595627,3.994768752358091,11.347578409191554,1.5493666004388305,16.24611775890222,6.139901335170874,4.822585692757191,20.705660838265892,19.236566488292713,41.4727586944879,11.777295499277695,3.343527375251375,5.831247041784577,13.473400933449588,7.122903469277197,17.68598318786531,3.3252822446256363,6.55840515223221,5.377131994889197,3.1924076318794383,3.3082874810464222,10.916600675699833,19.39520416406677,17.58375619592941,5.3749201045631105,7.977945169342344,12.722357299217107,19.236566488292713,3.8595524190415946
13,10.973945481595772,3.7211721195315697,3.681453930033277,8.387040570371777,12.219659788841426,11.957959392512961,16.33326296238186,13.07165216121642,13.002266294745288,16.182412927680357,5.20483255586813,12.585667261821937,13.464767450407056,999999.0,9.321379312303616,4.823780207040557,10.36572276392759,13.910938161253469,7.931442936509961,11.955231104032812,8.994315515676618,2.9149703170563095,10.408752663369942,16.981692260548154,5.887672680541236,3.1184646584145717,17.915770870691727,17.789385988599175,10.807258172067536,7.872760991663067,9.779500677417186,14.53413591397757,16.161521468987583,11.921117591182817,5.634256779525883,11.012707264686178,13.447150721318403,14.390358340592202,10.306151836232376,12.49829291673879,15.316242754944227,1.7282533879895836,7.398032618837077,12.635832531180412,8.788104623904248,12.255512551438997,6.267710832513805,9.351490186797298,10.769292941019872,10.226515042950224,12.379120867087458,3.693295552544751,12.140968338108586,12.804828631403328,11.829880411071398,15.396883973283861,12.241978069380265,11.174586989608727,12.302788724639509,10.789609901805322,12.047901119977624,15.09278533108846,9.769823683483608,10.27159095643243,13.447150721318403,6.043634700603164,12.25510206351137,10.016926282007105,3.7574397930817423,7.836067966267234,10.230634035087034,14.075659589102433,9.812939098194526,4.739176849001177,12.84621589100754,11.013257915648921,17.645813342108383,14.232352304530501,16.446527286275238,6.342302820936944,28.129906498803166,3.400080100786625,15.784661280282164,10.118505837187532,12.625327293126356,9.979091716180807,11.205772626913786,10.466644636785883,17.637757173049323,8.139630752879036,16.649054610870497,10.184169572778233,12.99546615507966,6.431620397655408,11.9577018809371,9.13935352418103,12.060711570082063,1.5686075070163064,6.342302820936944,11.279100372667925
14,9.115925276754568,12.40276059087113,11.940285442067822,16.523374123859853,4.559526643651317,9.954399473302065,16.29200817847853,10.700018612708202,7.809816491844661,13.093103432317736,4.534691405488867,11.942248214468698,14.192879783538073,9.321379312303616,999999.0,4.749798206826436,1.2534890353317214,14.26461236082981,9.735474243654311,15.658021656607513,4.443167411540555,7.13402671233324,2.3877525119878085,14.862980260624012,13.87463233566336,9.449388011797092,17.430882408045097,16.143368892213235,11.6406566758686,8.064782814418946,12.653386099860324,14.673661637680725,14.021842474146355,13.354730724568588,12.566902880238265,14.211030510137505,4.13672700959161,9.078032302301809,14.249337097521874,14.217684146348953,6.0286306600025705,10.82145894927235,15.978072922953588,6.127523972762456,7.495214332845375,14.127043321988216,14.4676854413737,0.6996951688478849,11.761075091703658,2.5408150253297164,6.005216390592773,9.476797806848328,21.460309471866655,13.165283237932119,14.80167894497738,15.862331339643413,21.560995765467055,1.9624585431641133,21.623588736891637,9.12382305451663,3.808887533593842,15.657830252908214,12.443349484645733,15.733554165272752,4.13672700959161,12.158743537652217,5.736137381867814,9.366521709093373,8.269259701184861,12.170847473248655,14.123070893476672,7.581297729768225,12.641230906708186,5.160160543358286,12.794584725090294,2.1970388615563428,14.932875198165936,11.679310461647496,7.613281456667145,14.516747339739863,30.551252702789988,11.736693652328116,14.566032447540444,8.395426612365442,4.060622946467781,15.384867220397588,3.4931109933386866,12.94914934813181,14.580709887721712,11.104482294608673,16.91448912301055,11.55323252407988,6.148788619396117,14.492802293935934,3.526083267643703,13.180807930483283,7.538934780802879,10.460485699272148,14.516747339739863,14.558137987272646
15,10.005817801641797,7.658380758379487,8.025104381740693,11.818461766144663,8.525152736370037,11.021412906170566,16.72398611682629,12.041687805155643,10.531996067804974,14.977640934455609,0.4444926901375462,12.434539178000108,14.115789224254527,4.823780207040557,4.749798206826436,999999.0,5.65279237667879,14.387753498945457,8.63218279640656,14.14117735710192,6.225768852373013,3.6045715285200917,5.585620107298411,16.315733691707106,9.159318137342238,4.74866151378811,18.1375010962682,17.40200134765077,11.309154869884196,7.556467167251374,11.348673172198117,14.93232358622197,15.446920460008737,12.852504746806643,9.285840506213185,12.862523878240067,8.863483685190982,11.959315793537108,12.5284696819483,13.626829742559503,10.766187262005413,6.480584717424292,11.232046753911597,9.502740217828316,7.779508760788098,13.451645083711648,9.739062696191047,4.6431530666994165,11.356597070317346,5.403835474876873,9.287918729693196,6.282509927509528,16.895494569502844,13.213227070430413,13.605826065612492,16.0122964184501,16.997767389811116,6.699335477561657,17.047742847401796,9.902646953371034,8.081842918029073,15.746302312491904,11.222203311594937,13.343403266544641,8.863483685190982,9.218652937877257,9.0853126269645,9.58949571054086,5.310314744092782,10.084449806020107,12.419084478441937,11.045485382979127,11.358768725273114,2.768614266876809,13.034528292136098,6.223961611851778,16.69998545325435,13.193289147760705,11.623173956556727,9.79072727485843,27.952137205704233,7.775822495336804,15.531802104477034,9.106720633634227,8.531908287483958,13.005465573421192,6.397494674070704,11.871021764680238,16.513996055112248,9.586757966455764,17.214233683899035,10.92656694670876,9.72965405620736,9.777286923897481,7.13406669169347,11.332054739921796,9.834276203217081,6.191750457503936,9.79072727485843,13.191452580790651
16,10.140410098805242,13.292498641411767,13.114137866722686,17.26266019205822,4.859852423092827,10.931969976809205,17.29710887643218,11.612330678688672,8.458162677869604,13.847081134824514,5.37202562406583,12.980534527581892,15.286270413839203,10.36572276392759,1.2534890353317214,5.65279237667879,999999.0,15.331188205194076,10.958328955902655,16.877177639010554,5.504163554472072,8.30894672779222,1.5126488801301934,15.692843801570708,14.637443636631374,10.224020258747524,18.382178444239955,17.000980122253814,12.785713975989514,9.267329357243877,13.870821838957234,15.717762922243073,14.867222974845113,14.502912528432999,13.79912211275965,15.42460907597739,3.2889021866540826,9.632394657343903,15.483174223382452,15.368980606243275,5.19044213677662,11.915931658646116,16.79762013748531,6.617035766755877,8.637332248125693,15.28721252504161,15.248739575566033,1.0151367988903957,12.912428068275641,1.7867334084468731,6.53996820394137,10.701835884377466,22.50158520615068,14.251637838935999,16.002450840271585,16.9127317553221,22.603060233644758,1.6508273053914393,22.659766641330275,10.165350821514883,3.9598961327391704,16.718301531891615,13.65663870398264,16.985404103826575,3.2889021866540826,13.404648574062765,6.260100474283383,10.478830275310237,9.499162790016216,13.420944194255982,15.356470184307026,7.96353031127397,13.857372223762132,6.370311120135736,13.859051233776823,0.972373617323243,15.691328540921273,12.539187121373493,6.374112680888368,15.293202248364313,30.31660130354162,12.90358526086597,15.495628347582164,9.462990639235544,3.9910829146173783,16.636769739292422,2.4932999490897343,14.150077826137185,15.303129391379898,12.339819666085656,17.93560841277253,12.72737294846667,6.545277509118005,15.253406554798397,2.319865099883697,14.42248323420023,8.320566785231096,11.569012468347436,15.293202248364313,15.771575521299614
17,5.222698017794041,17.161011355178733,12.185944300536669,21.560644987144148,11.910727713870525,4.617134078785116,2.4247266072414364,4.473503327183741,8.424777467459,5.389256214830089,14.719447650323017,2.4043430804153676,0.6250943788176051,13.910938161253469,14.26461236082981,14.387753498945457,15.331188205194076,999999.0,6.0383666228058015,5.132895684764601,9.831882474690657,11.740690191340988,16.65223974710593,4.430429134232301,19.46646179830525,16.79866711656495,4.012382341390521,4.488966320110803,3.150365770224131,6.832640782139176,4.621835842544484,0.6375418723875389,4.057124645163022,2.190872490101151,10.189269390018543,4.423954508594441,15.931385823632109,8.475518144682768,5.537535131336114,2.1645996169996433,16.738955132124012,13.564884332270704,20.245173929071534,10.285381784272314,6.878034605919552,2.4287284649242147,19.66251433527072,14.919776945231956,3.157900981791399,16.78629907798878,10.139962523291436,10.270152479461762,20.78705135891606,1.1746219300169212,3.988492474114432,1.6336238058639667,20.84810708845397,14.407642995123796,21.013250108028508,5.174206952469835,12.754206223121225,1.3977511173416843,4.492637221653925,7.879229054685027,15.931385823632109,9.170011142738103,10.3538283331518,4.958229240926133,10.239418132227303,6.829592817156877,5.485226147214012,10.228637329516493,4.568180719903121,11.624285057489903,1.4721723467998613,16.284137581543973,5.526788595521592,4.407056898951971,20.629368195354,19.74562047724975,41.86281460567466,12.312300933120968,2.7221101086472292,5.871125847981618,13.365208108989638,7.747919393617104,17.75475849331882,3.908296707737273,5.957400513374327,5.874884982687887,2.8307108251368858,3.7271512315517357,10.731576300475057,19.900860759121763,17.614797013728328,5.977089159918712,7.809605665332897,13.211814268929611,19.74562047724975,4.483890344631631
18,3.952356048388181,11.35028780825491,6.856168145221717,15.902647036442888,9.246694500906067,4.680896614994359,8.460277463019882,5.720643572691794,7.515114810058784,8.710616830790432,9.008538487090085,4.708949393311564,5.653146116540532,7.931442936509961,9.735474243654311,8.63218279640656,10.958328955902655,6.0383666228058015,999999.0,5.923466941587128,5.895029275766079,5.716111730639967,12.005354064789799,9.171306546724248,13.644723340156897,10.764065134372045,10.013892129971557,9.88693063594779,2.8950910313885903,1.7882382041412352,2.923778721147503,6.646094499565501,8.393067208080549,4.2518289412395385,5.491609544405478,4.4881541485174665,12.612474807757858,8.52764009969755,4.552661055362728,4.998988888229775,13.971491512445668,7.804587752579705,14.673365974534367,8.40108659269812,2.9364769197493,4.819556153924452,13.905328179972612,10.277200058970356,2.8813150606510964,12.052301678199292,8.14992420101049,4.408821261580202,16.642460717040194,4.899860489165027,5.130942298104389,7.594985853326821,16.721587852448764,10.561875197738198,16.858061170930036,3.721477219906857,9.747888217957467,7.304470060956347,2.729334621365867,6.406519444399251,12.612474807757858,4.5049001900869365,8.214657303519695,2.6334462628593402,4.211852765849109,2.980316401020191,4.423903017069265,9.26061879330092,2.915251617024025,5.88782021005254,4.914941016540439,11.92467432520525,9.946073039198536,6.76987780804563,17.05149155708516,13.986663015922606,35.82678512136725,6.901629937525366,7.875786665254395,3.4568696429519914,10.456701194064616,6.075709387324887,13.117397949208184,3.305462485674983,10.040786311061114,1.4858692413455854,8.839309576285714,2.3529481774341936,8.902030051063303,14.121447188814209,13.261332436827491,3.597758193898872,6.465873730953683,7.411323297508421,13.986663015922606,4.834822855023162
19,8.14475019846422,14.464224763641072,9.13414161923387,18.370544300775425,14.712925939972893,8.15404492846601,6.6789899287750325,8.61545078578162,12.03763863018104,10.401199554332825,14.555336551204006,6.360346650236477,4.528461342190804,11.955231104032812,15.658021656607513,14.14117735710192,16.877177639010554,5.132895684764601,5.923466941587128,999999.0,11.669068149928496,10.743824213174445,17.924587590990633,9.554202938060213,16.687615294126058,15.069633602690596,8.185159073639776,9.43291136084036,4.813199078341781,7.626708066174332,3.0068661134751404,5.602217487401891,9.179157473782903,3.5551802508140677,6.8235376361713485,1.4777796452533052,18.365234376331532,12.555023186058937,1.6601084796156282,3.043946469229479,19.576466449953248,11.02131704596261,16.956838133317337,13.491625811958182,8.485167503233505,2.840614720769474,16.730650376754475,16.199763520843803,4.621574871573092,17.964899989815752,13.277885772514795,8.395885326939407,16.195162386214985,4.985756541071622,1.2435940504090093,5.564842174456753,16.24529034594483,16.410945259991475,16.421949012176306,7.965888615966342,15.3540981477224,5.291965369799706,3.230089382320259,2.9876572271220776,18.365234376331532,6.046432388892935,13.415492328344932,7.060974919453049,8.978632562016974,4.174606671417849,1.7511922753428184,13.925241164552903,3.022109932440486,11.531988136527588,5.555526357586322,17.845045154751453,10.658057418992202,9.037973746234877,22.898977075955983,16.814196481834287,39.95764612103611,9.347814880443297,7.8418842527036965,8.265259847853157,16.046522780097185,2.9785768765000746,19.034684192380052,2.842325292846321,11.086738970199532,4.631084724134309,6.5274461688325145,4.4746333176914,13.990580744507774,17.00738267818535,19.183431048110304,2.862989159489299,11.139233689726582,10.789080018674252,16.814196481834287,1.141915808589909
20,4.674482708462739,12.657279274416892,10.285594459368284,17.24794207505852,3.6225237382896918,5.53821395792804,11.851658530781679,6.355952148571975,4.313403549975586,9.006428665993713,6.348059749798113,7.499380266804188,9.782322883292114,8.994315515676618,4.443167411540555,6.225768852373013,5.504163554472072,9.831882474690657,5.895029275766079,11.669068149928496,999999.0,6.1117668194764825,6.8292884413094175,10.60850769028072,14.627121484174456,10.512643327446613,13.017209289224446,11.837390248442604,7.328751289132196,4.108298383862941,8.686774330783862,10.232193727614819,9.749099082262354,9.045174507946761,10.098658085098304,10.19338286104818,6.721469982444163,5.74486463772314,10.423307231114698,9.914166142687488,8.104232848506259,9.963817612124588,16.366375655595498,3.6428761288972633,3.21389011140129,9.850080712388145,15.10666112602396,5.113910292580039,7.466840916774474,6.97927182056614,3.384941566946702,7.388556837923065,20.449954947372866,8.747498476441395,10.695070669836058,11.422783849906446,20.54307148540265,4.762241696327705,20.642055824963833,4.680783253993743,3.92304355430653,11.2222195534337,8.446436518339361,12.259820629089553,6.721469982444163,9.401774911192762,3.2700408637357,4.987337687211263,6.255886112947994,8.716335723699519,10.293653965338834,5.094603661982054,8.664038153662862,4.338649601741469,8.360269604463003,6.464220538031535,10.808454976873268,7.407748277073012,11.234971557442115,15.173540799193834,33.992636689680815,10.168934362775298,10.177549039960805,3.9610172577258655,4.632273973548578,11.920835349706715,7.9259331933742505,8.86033822807614,10.536180676799109,7.3705803058290345,12.471478052099373,7.342360630487588,4.021083709979016,15.220569150140864,7.8041224012798285,9.490494539070461,3.6277318223632653,9.530157021626469,15.173540799193834,10.53584316669798
