,0,1,2,3,4,5,6,7,8,9,10,11,12,13,14,15,16,17,18,19,20,21,22,23,24,25,26,27,28,29,30,31,32,33,34,35,36,37,38,39,40,41,42,43,44,45,46,47,48,49,50,51,52,53,54,55,56,57,58,59,60,61,62,63,64,65,66,67,68,69,70,71,72,73,74,75,76,77,78,79,80,81,82,83,84,85,86,87,88,89,90,91,92,93,94,95,96,97,98,99
0,999999.0,3.239692376047383,8.991775791596424,5.167071793837081,15.860244355681619,11.417090234984679,7.937264842895608,13.0534007815148,5.540132490726965,11.246418939330773,7.478709694878905,5.582696759742383,5.071875920722526,9.675927602184032,7.694332708600398,9.58558382290337,5.965140230978423,7.0586093456429015,10.331214253710506,8.778434367260564,17.55681273701365,8.001553145006685,8.556025623079849,13.20787220113199,5.6954874247803,7.7660302952888465,6.3318272229986015,20.853323291668023,6.614515349597023,7.625908716688377,9.132802440140066,10.61073402093253,8.194646319897625,10.557519316196403,3.609846378585921,6.46433769694965,7.723708447887585,3.906504254333227,10.583096267425766,12.738700172770754,7.829348142690909,19.95020974238925,7.664962720516634,10.434944330675929,17.7832131210616,7.221576172362978,9.880700626879374,10.467536973157632,1.9686067068081146,9.295283625098147,10.236722809425409,7.116513201871533,2.1870875829013734,6.645433429855633,2.498490776215607,10.033822355804022,10.007281775127913,36.064193625862224,6.764016409831993,9.967325791395922,5.736333939829433,7.2012421552323564,3.7810668615752894,6.811404892656546,5.9780593259025325,19.807003080330496,8.715896205643482,9.434036154363499,2.920971643728859,5.343245575243472,9.101207613343105,6.461951296829644,17.188389085431695,7.277339153158383,9.249156412294049,7.19469983875324,6.1295002764039435,9.163009556018505,8.960248697474727,6.199491578620647,8.676150985171528,1.6946651395320023,10.253461904981805,11.93403069355881,8.067835565333311,6.697127696033125,5.335490671169235,5.092273156842989,7.589411321903045,4.658684073216627,2.617567498020987,9.730474979251051,8.999585729804435,2.142656350586431,4.927469027440634,7.045388228495956,2.3509780661270434,5.829506902023151,8.568586082175697,7.2247301579477305
1,3.239692376047383,999999.0,12.14283165208271,7.678804215048765,15.353783581252134,11.919343044598474,5.7736419951817535,12.73497641930227,8.358474093512354,14.143111817987585,6.3643550905679005,7.658820775781007,3.0911435550938533,6.4558455171995535,10.598636530809614,12.37511600361891,7.2384343433160145,9.227069725717602,9.269868874610374,11.999682311348646,17.157996882132835,5.177142047127583,5.680748106252521,12.869035271590796,5.410311272917275,10.946427725200417,9.571519161966616,19.359314287885702,6.17618108001078,4.418999377009964,8.112857051800361,13.782766966112462,5.847174121124627,7.937913404609346,6.845004833356047,3.2476393494330265,10.515507933487497,6.74614510676668,9.05372332227584,12.454500927686418,4.883905638426996,19.588613410034213,4.987317965447788,9.436121754162492,17.58851966493273,7.664781255166259,7.741214980284407,7.87303702242137,3.888745731256727,6.118339021760687,9.3959777661609,10.235878445850188,2.783066447944392,3.6022826200199307,3.0260462962986474,8.472651034281498,8.291589868635418,37.411506441812655,3.5507616254548937,13.203823975623358,8.37435838007012,5.975458546465063,3.1796667641704848,3.705596647345895,2.8577297529275545,19.963731079532263,6.5021945079881425,9.112728215938988,2.1759036523198327,5.239378879007924,6.262783813921377,4.814952712226047,17.109660648990957,4.524303300592318,6.755649821772777,6.720462163734143,5.497972187968531,9.857402377301467,12.166578236071206,3.8723704423218623,5.880583711474597,2.4065556664393726,9.836939917064914,11.618687046517504,6.792776244574451,5.349942843074958,8.307170175671871,1.8553738390919257,4.376757843324757,6.472108940659857,5.513076896586578,7.131129486561751,11.965929050306203,3.4737620612390523,2.4886552395271146,9.880464676570856,4.241445092735925,3.0723007381430274,10.289803605253462,4.731182244634865
2,8.991775791596424,12.14283165208271,999999.0,8.271359865586085,18.1193608346317,12.350741616693357,15.070820594717803,15.47498031965699,7.1468503526376175,3.3868172216176657,15.385657186947581,9.513540884093018,13.864423456565968,18.361456158031807,2.6005255727854757,3.2043720730024767,8.426194171715789,9.649380297271511,15.06407857151534,1.3334641840308474,19.259662022116423,16.038278102666972,17.52158107783073,15.63771206966352,11.141597084064466,1.28269006504281,3.3641448442788824,24.860554287678056,14.049193526853513,16.56152348659411,14.153362697447228,1.6641431056806275,16.940876882125792,17.996142923615803,5.501187774842894,15.216478252584825,3.221547703078171,7.427591076962847,16.116677754286993,15.16364490720632,16.05801997634462,21.216132041032008,16.580066143045247,15.019679931120443,18.92763765336598,10.416536091064518,18.40777173919279,17.872295576454977,8.554801195852521,17.8610216201206,14.575366868255976,1.9282616039732812,9.837758986278148,15.110249624071622,10.865844341771263,18.042366983337597,15.996669027367616,31.35302175442111,15.69277484814942,2.313664446707558,7.852541031942853,15.25150240848997,12.209539331600256,15.795571669981642,14.593178326699677,19.710725931345653,17.356301216857386,13.028689848334684,11.699286777546575,12.838143193110376,18.051249853570003,14.928566828656862,18.131493485035048,16.223661299885475,18.03835103178829,12.075870985407226,13.880522523155344,10.637351616299282,0.9482879809562567,15.035716863037045,17.616335587010916,9.900486861166506,13.736783526288194,14.657681278932454,16.030503181899,14.924092900517786,6.46706889193187,13.984129096536266,16.518078677197366,7.433224849099205,6.687344300827317,18.56559576158876,1.8661312596626698,9.130498509306598,13.862651518004423,3.284796526309891,8.3552751061277,14.800092483095577,7.575656653159347,14.931563754506735
3,5.167071793837081,7.678804215048765,8.271359865586085,999999.0,20.637300589517988,15.665328615504082,13.048952861792529,17.78866101095526,1.219586100851206,11.491734326138513,7.739768839173353,1.2442221266764129,7.536637857442072,13.852611224072447,8.544179493106416,10.454364051684939,10.096245905353175,2.057835687509343,15.41400918658157,7.335898241457515,22.24481424354374,12.83644998476503,11.321045334922353,17.95024235468928,10.716580152878398,7.0677234644195615,4.920454224492825,25.96854069748103,6.246856156956522,11.372571394376132,14.224835238715764,9.445625374003821,10.097400330645401,15.535448051609286,4.195305098808682,10.772418069151911,8.954186387715175,1.515328921835921,15.74025365759013,17.463722134529995,12.562371922196965,24.579365133642803,10.219760475693855,15.500570932197265,22.338049597591624,11.80646489850081,11.101897332994294,15.457721098557617,6.72486227186401,13.651249062583918,15.26108939049683,7.082444542828196,7.337477451476099,11.277327453361147,4.844719112075182,10.27378861845869,15.174302003506586,38.6987679498466,10.621096058912284,7.946990019803222,0.7677260910561611,7.731854960135963,5.697104231213575,10.328568990463513,10.516303742518765,24.05946200157452,10.289330325121885,14.28630185462809,5.91792076264623,5.267437498175995,11.714192597544038,7.879627869643232,21.67537753489369,10.03771800766606,11.190955223061229,12.196005192147071,6.3066533212030205,13.405651036288205,7.703808553534674,8.618572678413157,11.265407914756157,6.859909228743437,15.118974273633263,16.69883610912415,8.365781158022235,7.605409909757691,1.8129705711777186,9.26477772568397,11.3675694868763,8.543633665946485,5.757637225329702,11.787682315006386,9.314981388382172,7.1302658002007275,7.961318027180904,8.307499269620044,6.963393964141507,8.940451611108061,11.795153469903513,12.22870097334073
4,15.860244355681619,15.353783581252134,18.1193608346317,20.637300589517988,999999.0,5.778396508185182,10.591995087829304,2.8537637957465143,20.502839007206056,16.856506479263743,21.650651786107726,21.333672788628668,18.296503718808225,15.501823321372266,15.552019160043443,15.417470622981089,10.704718307049657,22.677594633930887,6.247277852062644,19.1258551148278,1.8434255467604612,12.642804331677421,18.927315477925596,2.6900276514598604,10.228899604756906,17.873692369260404,18.524949641552727,7.258609146254191,21.519468062233347,16.534364904851167,7.298408908804265,19.3023924434319,20.214070672828374,11.174967645955105,16.904144568608828,14.977987179334372,14.9078236154843,19.14310610200268,7.140753358244878,3.1815666657856556,13.201594047433845,4.254354973313614,18.98025195188818,6.039049220355531,2.6360607128937485,8.839861123999814,22.095270948790514,11.071802309258311,14.003721331104414,14.771014476778927,5.982764798486737,16.920341000965557,13.787235514903994,13.86904156359099,17.77590990396465,23.401928028439425,8.060712641426498,25.2900604357211,16.178876967597382,20.39854501293719,20.980296384494537,21.24328733681594,18.446183005757526,16.955936280148144,14.341802639606051,5.612632594810056,20.942721188052975,6.428395011880182,17.345867477911384,20.492686991294214,19.43139605220759,19.9871953569143,2.665458742593012,18.50288447767125,20.67248826956828,8.754525431202431,20.8492508074405,7.630705989811233,18.91423177488806,18.686400582230494,19.30372459020638,14.398296556869782,5.619007505177553,3.9411713420077277,22.003540340810883,20.608215052902743,19.96462138813512,15.493788936273422,16.449655768531926,12.251494541853283,14.948704203772525,20.72632756033029,16.42077684184336,13.719529610800944,17.5310440549963,14.996799769070867,13.713254590970129,17.560395115540384,10.544232415121346,11.856843993535273
5,11.417090234984679,11.919343044598474,12.350741616693357,15.665328615504082,5.778396508185182,999999.0,9.082814385387518,3.3453881530269864,15.344640640731608,11.15437821465238,18.222419248146615,16.523880701071956,15.010460563996213,14.415226513175716,9.797875605824714,9.653087353220151,5.586119905981646,17.722504602265506,5.514517931757301,13.384753183809119,6.9609631231623785,11.212914364041461,16.717605353668876,3.4886640464823966,6.541578532684754,12.154524179814855,12.96686874254286,12.780144560134323,17.748070541714537,14.49702635788972,5.645057427184449,13.524871228709356,17.536504808962725,11.088197396740362,11.662681320845454,12.733544074020353,9.148403053219646,14.150007016266862,7.057682327953433,3.0900854203355808,11.66224292711112,9.098346681869423,16.440340061245152,5.301666456284388,6.8003090271677635,4.292497961599768,19.474942592531363,10.949765178590276,9.45061856429561,13.657597744475854,4.821245803727054,11.22068041923366,9.658157613073207,11.784588780383988,13.690748443972208,20.385822956008184,7.651555345085719,25.76360071082625,13.888893859424405,14.639166928861801,15.89654507588074,17.852884461216277,14.649586651939615,14.551989025035487,11.961235547884234,8.423237695300605,18.243587215242375,3.587924753505696,13.543628969323922,16.56876567975658,17.291207012931718,16.73276328113711,6.0742323216844545,15.94072329854461,18.25016671614343,5.503793760783375,17.146250018272678,2.2736891035704225,13.159804666856196,15.700438355018788,17.043574858264225,10.278984112779638,3.481655749231053,2.961544231028369,18.691116804870738,17.240169943854177,14.741571565425735,12.693270584693588,14.413861103229278,7.124155525865007,9.912407852449677,18.46480122678746,10.642426436342827,9.34714789078643,14.367570433893764,9.274925349435918,9.084953634278364,14.699471508815751,4.7768577069313585,10.051140327097276
6,7.937264842895608,5.7736419951817535,15.070820594717803,13.048952861792529,10.591995087829304,9.082814385387518,999999.0,8.447978978942936,13.476002653757241,15.943645485608457,11.488851931105811,13.249530470504613,8.191812918779418,5.343399808956353,12.814710952099631,14.044370043151222,7.232740239165338,14.802009607360946,4.392666917842198,15.401052791116733,12.434279151089266,2.1695114781185993,8.335431598949576,8.536882049582381,4.103119210652692,14.13118323708426,13.476823051785448,13.656663195704605,11.693130121327538,5.944262589441181,3.6005030321591263,16.708565203676415,9.679476722922269,2.9265841726200854,10.865327860592826,4.420250078928009,12.4437967950172,11.843768347585211,3.579336501726621,8.252404465907915,2.682231755749984,14.81293495770181,8.42552389680444,4.622456431682934,13.102136593749519,6.02771558060571,11.528445067449757,2.801558716222337,6.987572784431209,4.582731107363458,4.838889838067838,13.202388504149827,5.9162061662869485,3.2989885695480843,8.753791079168723,12.941346360602882,2.693724275360959,34.66944459205069,5.608028648733142,16.75398751826189,13.659028946533645,11.067646155263525,8.900664207136234,6.398102564677283,3.866138135284276,15.838691453597027,10.404812684713365,5.515842525504393,7.9480889492829565,10.922044510322753,8.843756580182912,9.760090658158543,12.804469245245922,7.960980828660919,10.08593862003295,3.960429106804332,10.988435848795106,7.834783171574765,15.426923913667881,8.331016960827299,8.711835120905075,6.262082920054714,5.878284062069622,7.484350268149476,11.741431613882265,10.442209116283003,13.233302683970857,5.204800764580366,5.859360706974331,7.712984262865912,8.844709226378603,10.134847266190835,14.198905398377025,6.409060824151627,7.373481794582005,12.021037832974649,7.012397067542639,7.1783512655640775,10.020361750352166,1.2845377438733352
7,13.0534007815148,12.73497641930227,15.47498031965699,17.78866101095526,2.8537637957465143,3.3453881530269864,8.447978978942936,999999.0,17.649093224551855,14.474356408527138,19.081311140647248,18.497970288726517,15.742618399712446,13.647930012946738,12.885464191315114,12.919265949187384,7.859485120660454,19.831381787992665,4.089080174859887,16.428855428252913,4.504802334357342,10.594067387118857,16.705710957187183,0.1669779610923749,7.479959972900269,15.156013601348821,15.720961517547945,9.466054268479475,18.864298090184832,14.343092268770524,4.9096445257136825,16.73349114925171,17.851670275993765,9.640137555098681,14.054154057390635,12.693385652708463,12.253544711005611,16.29243508884056,5.37810496550224,0.32906370347759084,11.12636433420753,6.913817675415657,16.650551792599565,3.849574445811744,4.853910622613703,5.987068164651138,19.764790990731523,9.517158024032211,11.175964064091449,12.892897210099878,3.614315755927702,14.188945865420365,11.013514264857394,11.617033841846256,15.036066031592723,20.957343743012338,6.223109034353104,26.459112729504994,13.897678696679252,17.72715602331288,18.12737832004974,18.681682897072964,15.769229064570693,14.647913342480793,12.002500754107585,7.40932239675916,18.57918540714811,3.6608464137651797,14.660590892496172,17.79865912608846,17.238568832756282,17.45427673649054,4.419834536577349,16.161497852933575,18.395728328529636,6.041723478274135,18.206991757896688,4.870366940730154,16.237299302389292,16.218647671183216,17.068821406105236,11.630986293589768,2.8987393030140205,1.127583366156796,19.46708162310621,18.048809902127605,17.112100536564782,13.045118744176422,14.257725006378841,9.401874075875273,12.094984895495383,18.50375570035004,13.83629749358372,10.910762707773495,15.00335226405538,12.29213307644446,10.877330825876832,15.118408297965212,7.938853743457644,9.650543152784072
8,5.540132490726965,8.358474093512354,7.1468503526376175,1.219586100851206,20.502839007206056,15.344640640731608,13.476002653757241,17.649093224551855,999999.0,10.42241075515564,8.939711772507508,2.4072635263577515,8.548829988008778,14.676568500540782,7.6316907591071415,9.488907842198325,9.842388937481285,2.663507913870888,15.525919387591776,6.160128698281258,22.056695984930105,13.4445935899928,12.3639419908128,17.81316500343346,10.819461339013507,5.978346236125719,3.8358049433754693,26.08621953242941,7.455428029465294,12.266457115870962,14.354371591931557,8.264240733310059,11.217455006471837,16.07434755055145,3.6890575502647476,11.53793956405114,8.091617913915503,1.6395769771725859,15.967469286783201,17.321345995713802,13.211520957616163,24.3532162977147,11.274648975419348,15.5944604355573,22.087466928890105,11.667741130334056,12.280630915483881,15.988531743400967,6.829409198740832,14.427868443425925,15.319641292970674,6.088707359245797,7.623309311026778,11.9543936763864,5.7076605696147364,11.487742654178083,15.458903696565825,37.85363172641959,11.48471770903301,6.732528670150319,0.7190940633895075,8.919177781143027,6.69854572183129,11.24988506655104,11.216025430136353,23.68082059576085,11.438389536957366,14.23842254163734,6.781490954150356,6.443957574438938,12.779215007381046,9.008912302485111,21.399066781988992,11.065178556888105,12.31852866679129,12.264744220183486,7.492024439799347,13.113354628375877,6.537540484211004,9.662883456220593,12.328670632579486,7.217380323742396,15.070697790878063,16.582412144234095,9.569305356816466,8.768406080895037,0.7252579770105213,10.041560037569466,12.255459759773943,8.28063316979542,5.556043968294097,12.910112107507805,8.295756107374219,7.304017440774614,8.909733869476243,7.477238953154954,7.005128740602294,9.901230481140933,11.250032074520881,12.745194931818304
9,11.246418939330773,14.143111817987585,3.3868172216176657,11.491734326138513,16.856506479263743,11.15437821465238,15.943645485608457,14.474356408527138,10.42241075515564,999999.0,18.207903408563293,12.73475997547643,16.30113247613714,19.946611477211786,3.556861594993629,1.8996363841562949,8.759490323603714,12.985251021499154,14.974738114749485,4.658195671921218,17.732234341075007,17.27865716363419,19.753058969692038,14.625332631201358,11.844618889270524,4.44655142852928,6.587198269049466,23.932963314742096,16.96246904829101,18.478768752016077,14.268743379642773,3.2352456616814305,19.42318257971001,18.830498050764987,8.15360867794903,16.955534004458315,3.6566846893884812,10.485817381738189,16.2463682412235,14.193625895064786,17.404477995179295,19.446367104731447,18.903341069255955,14.877912564983053,17.22469114168183,10.449262033536135,21.028966173532382,18.696170873882707,10.292687968852803,19.361052215628995,14.385269136083808,4.485112168334298,11.532715573738027,16.644383468796384,13.430938695411925,20.86830203936489,16.319140078081084,28.015910661577006,17.61678931617991,5.134014001198497,11.13793767873211,18.02888364691157,14.799024388070631,17.848340540545546,16.250865449798816,17.560282708828144,19.909175791378456,12.745500705524433,14.125749532074607,15.704594911887643,20.31372580186347,17.549836523618552,16.40401606580336,18.500955923746282,20.490113466131408,12.414106896681256,16.714977017090874,9.953605329826704,4.240008207958418,17.442797518174693,19.89853440667789,11.759089090064204,13.319414919791782,13.8500097160934,18.846376424251016,17.638198780194454,9.71911607779448,15.903624854946262,18.42415752961239,8.326273799158443,8.676725726815624,20.97676150926278,2.290336217762038,10.796227338586705,16.167018651699216,4.263951853508309,9.990530034169119,17.036965432533496,6.722135513031942,16.072413811345147
10,7.478709694878905,6.3643550905679005,15.385657186947581,7.739768839173353,21.650651786107726,18.222419248146615,11.488851931105811,19.081311140647248,8.939711772507508,18.207903408563293,999999.0,6.768036147271524,3.3561097896544267,9.133307566984193,14.771152227271045,16.74200758617319,13.178939342141552,7.840830851366178,15.473309984666578,14.714018135384107,23.47017788626039,10.028372546549699,5.0262483390614925,19.212128119106346,11.76262487600173,14.105009273297268,12.109282817523178,25.067292718437894,1.5272089884374267,6.5592023335957865,14.361222278786082,16.797864858102255,3.1495161934015923,12.739608891106027,10.054381985371453,7.284230887975971,14.934732453163345,8.04480743724029,15.025657417896626,18.805879471874643,9.506539774299439,25.89911128629582,4.047636530939792,15.65865677201822,23.9347112597818,13.936052535522654,3.442906073126123,12.731409863578351,9.250361416669959,9.356930165128157,15.669661297535564,13.767407304679441,8.649936772055373,8.348238291881406,4.9913442468885485,2.6623751328537413,14.173105782821922,43.44709855354167,6.316977939083364,15.535828674195148,8.4540334959907,0.42246686516534404,3.7209226601056002,5.571563021722815,7.657060055260055,26.327852579196986,2.9558245760672825,15.473627840251556,4.755686725576376,2.556931365124547,5.118935483313258,1.7372053715610054,23.46833861880183,4.243751295325965,4.000876016369327,13.083321952841155,1.5052289778925874,16.090886700500857,15.026297095124397,3.2460772396595687,4.7619838912349,8.059134380717573,16.18685249107597,17.97018659543249,0.6452370310933987,1.0498094321335705,9.38894232173156,6.286347283127619,6.611528298723585,12.056438849521241,10.001482750440099,4.595817005383115,15.917941723389905,9.122645261573203,4.143447384028163,14.236012493160146,9.661722157916975,4.3745313786386,15.99766357231546,10.23609136990005
11,5.582696759742383,7.658820775781007,9.513540884093018,1.2442221266764129,21.333672788628668,16.523880701071956,13.249530470504613,18.497970288726517,2.4072635263577515,12.73475997547643,6.768036147271524,999999.0,7.018531255815836,13.561021192750193,9.755272866207916,11.678245661037504,10.937950416508817,1.5682805539536573,15.913899001374324,8.562239270827266,22.981554643783507,12.832087353479526,10.701965260586615,18.656933179544993,11.261176051257982,8.311939293039037,6.164569031336641,26.427975199687285,5.2476131514359,10.999095239293977,14.715448492844637,10.669001793049985,9.332771920706017,15.593336467380686,5.2821642996098,10.588287959705532,10.147381936235112,2.5218151419658095,16.1283345652555,18.17650416600393,12.510366006348175,25.342338245991954,9.58729789394563,16.016618880343763,23.12471281788794,12.546065940495788,10.184169073104718,15.525381588154925,7.335051648447162,13.426046090759979,15.810609612388932,8.316711322486169,7.76578044112464,11.203085001416788,4.667802017068358,9.222451131430754,15.508562467588465,39.863740510932985,10.30039683680749,9.127621802186958,1.773181311133425,6.807025978042897,5.245594075609028,9.923548188564595,10.422044131899861,24.940925638677715,9.455389053861097,14.93458655303442,5.692065840909528,4.413775156793253,11.05105539047048,7.114736230169623,22.483564025102815,9.457763503944284,10.402357159994382,12.757100440518784,5.404029336772921,14.253070262175983,8.934904773153402,8.023572087514909,10.608681421710367,7.229298532181068,15.763061344517702,17.3931053151822,7.3749883460789105,6.75662995336561,3.0491197267220262,9.085481988751285,11.003163252453058,9.408095648082265,6.628665624914288,11.007247460493565,10.551947055032686,7.669108265921194,7.546323884755277,9.490499120142212,7.620937283068951,8.489131108623464,12.820630186406117,12.337229391443383
12,5.071875920722526,3.0911435550938533,13.864423456565968,7.536637857442072,18.296503718808225,15.010460563996213,8.191812918779418,15.742618399712446,8.548829988008778,16.30113247613714,3.3561097896544267,7.018531255815836,999999.0,6.721430028195405,12.756598012160213,14.657284788566816,10.20895444306146,8.480690810960661,12.118015173669335,13.452008575393755,20.117954524042837,6.905423729609933,3.8291411201003385,15.871434966135473,8.495688192783872,12.597839127566434,10.858463115148384,21.825977457192035,3.5604540753799254,4.074262757697842,11.005372952803308,15.422076625978598,3.1237675236865172,9.698932184648053,8.363340026202078,4.209971864103567,12.795526125165157,7.1830172481987,11.698769585844396,15.471008519922531,6.426524203963904,22.546223734269965,2.7746702744949423,12.3027370985985,20.594132234314575,10.751387429110228,4.8547668272257996,9.672922906670003,6.496576906180778,6.733599802571848,12.314732863008107,12.05982289784847,5.649867977613636,5.179379100257936,3.040943720767092,5.38873622231692,10.860316111008967,40.4557374080544,3.5129429521547357,14.492076799910297,8.3035263694295,2.9468031764793654,1.8503881433566487,2.97595360541111,4.43409044038464,23.021723290938944,3.6579912121723734,12.152923351342741,2.178941684250566,3.1136250725205317,4.285492578911459,1.726567774759626,20.139418436929166,2.519141735932369,4.192850744498841,9.770326572510623,2.8574056220004462,12.938366261638643,13.696136917794087,1.1761455308192645,3.835831972903934,5.12303183349114,12.852517555537213,14.635894367136874,3.7265566766283893,2.3117124168769196,8.7584851806553,2.9999714575288396,4.093304709956958,9.267969789243967,7.6853520253704115,4.703171378392494,14.038186332048122,6.235315204499751,0.8239016626681777,12.116833113043356,6.8972662655079695,1.51379363183605,13.179672071131993,6.964204876277727
13,9.675927602184032,6.4558455171995535,18.361456158031807,13.852611224072447,15.501823321372266,14.415226513175716,5.343399808956353,13.647930012946738,14.676568500540782,19.946611477211786,9.133307566984193,13.561021192750193,6.721430028195405,999999.0,16.514182537975998,18.081056887547824,11.73790136918438,15.085396897474903,9.560271472856083,18.348357710350072,17.311431982018657,3.205287347410018,4.403170848429672,13.719662233367863,8.731260203195552,17.224895113351202,15.992532326357374,16.961129382278624,10.005981220650412,2.6618381248409957,8.918064538917388,20.022290847917315,6.298954461433379,4.521101588170832,13.25100126910563,3.211885773946103,16.297940293171624,13.110537033333006,8.381471478830516,13.482387324778594,2.805174272085516,19.593143353836997,5.133755512320203,9.801098747660602,18.10080208585868,11.031121858392773,7.692401548832469,4.58700403128961,9.814378258668201,0.7618533902534643,10.092598310865533,16.433640072303092,8.53120021291137,3.3022455412301666,9.008203223396384,9.539253289270405,7.476470391571097,39.99441040069538,3.2630175023884895,19.594499738777245,14.593072255039525,8.745180314521363,8.336797676131956,3.755849020074399,3.769419478509798,20.94976003830645,6.898086943001277,10.85831659945337,7.934918927928568,9.819600576846819,4.668742197642504,7.548918495238784,17.893567093001963,4.889633930842626,6.158264855036491,9.10580809120914,9.361550917719526,13.029187986271548,18.48230115837557,6.07250394851277,4.780522513493615,8.47525414513189,11.206041392953487,12.750514449061741,9.094109002166709,8.254550015542835,14.69859387027284,4.653985339161912,2.6338047590446934,11.682837592176698,11.678223407345815,5.939945573101975,17.92098939788583,9.252108654217633,6.0575563183325585,15.741750565458329,10.047623429751633,5.21107931147013,14.789039182365377,4.420385004493416
14,7.694332708600398,10.598636530809614,2.6005255727854757,8.544179493106416,15.552019160043443,9.797875605824714,12.814710952099631,12.885464191315114,7.6316907591071415,3.556861594993629,14.771152227271045,9.755272866207916,12.756598012160213,16.514182537975998,999999.0,1.981956490873745,5.916982319965354,10.291549535440968,12.516088501062807,3.594509364554853,16.73515622068174,13.970782102254155,16.196959100482307,13.048810631667616,8.785418624097195,2.4414169916956117,4.000422004901428,22.260679105045003,13.585229976806021,14.956280034224495,11.641480621439673,4.04347992476215,15.880057021065447,15.736862163036154,4.77065876337153,13.46893847588991,0.6593452939631561,7.336767022944577,13.616656114849764,12.572420385807117,14.051729875605377,18.744897853036175,15.347252405937448,12.463051352211705,16.447137967865174,7.86520420153054,17.509998478985985,15.608030009572854,6.773122554782684,15.956261492082016,12.010163226470514,1.6942945810437524,8.031745207727207,13.218033915702492,9.922353737694614,17.4228874681739,13.545953322531952,30.229490463981804,14.091337510704475,4.847041689195112,8.343897051913547,14.571823144460653,11.290008115553617,14.30413645437942,12.784103012328726,17.385511935876835,16.377103789825686,10.447122153792641,10.584792018614548,12.307125915837508,16.75704161972292,14.03917276891177,15.661782025462575,14.944113468853063,16.942004582695457,9.606707639646395,13.292510988337385,8.03958277212916,3.3626790560321544,13.893160546027788,16.341672989203065,8.226517462171369,11.145344840726304,12.058813479762525,15.403645239821534,14.157092466109367,6.906471404994787,12.375074931419938,14.903671410127634,5.101957686318705,5.120037967104361,17.424462144192685,1.4095971072590314,7.296766977923309,12.611423436315555,0.7942402898936461,6.491302286657281,13.480178297295971,5.023639233093493,12.80462419911708
15,9.58558382290337,12.37511600361891,3.2043720730024767,10.454364051684939,15.417470622981089,9.653087353220151,14.044370043151222,12.919265949187384,9.488907842198325,1.8996363841562949,16.74200758617319,11.678245661037504,14.657284788566816,18.081056887547824,1.981956490873745,999999.0,6.869475969145519,12.131422128805806,13.169678137310989,4.514849035607186,16.41825787670793,15.38668508788829,18.020667822202107,13.075437511983578,9.946114015227593,3.777336300363827,5.727419806087897,22.38305646926815,15.565449654861771,16.67110298302954,12.426681721142199,3.9473115427014585,17.780221562970645,16.933099750178563,6.752528045484882,15.119214965015104,1.8672407721392026,9.292459642387763,14.408436693771465,12.625717295468705,15.51937534312801,18.26434156918781,17.20377298936237,13.082583395695865,15.999653937752848,8.600792946349646,19.439760553929137,16.79902310662389,8.49915820169187,17.486879679306316,12.597586853269316,3.404079411552978,9.717242333963574,14.779321150074866,11.867745746258226,19.390375559732977,14.455691206465332,28.457302178258473,15.813509892940946,5.4430072654968,10.206653107493475,16.537149317023946,13.233247644876554,16.074051028213482,14.40378287045197,16.608864987217085,18.293718652751966,10.969166574041152,12.495180737883395,14.28579178700881,18.58882564333853,15.97836720116421,15.189543230205262,16.787963811560118,18.830500548448715,10.53833051682308,15.26706702030381,8.25727531500199,4.150722619890445,15.780488162203225,18.181383469269726,9.976356165288577,11.577757269204268,12.223858770569311,17.37271138441069,16.113479418203664,8.765657489399176,14.106463477031367,16.614348113552825,6.435902960282614,6.97927182056614,19.299940156045228,1.3664392145655626,8.982038114093443,14.475399237880977,2.5408150253297164,8.17944501767719,15.318218773822947,5.026496981646901,14.176858122468131
16,5.965140230978423,7.2384343433160145,8.426194171715789,10.096245905353175,10.704718307049657,5.586119905981646,7.232740239165338,7.859485120660454,9.842388937481285,8.759490323603714,13.178939342141552,10.937950416508817,10.20895444306146,11.73790136918438,5.916982319965354,6.869475969145519,999999.0,12.154030482079648,6.651950988130678,9.098994287170417,12.218540831313783,8.783078966262247,12.722287214056202,8.025625434947031,3.14021974535334,7.777443665422709,7.960989505006406,16.804153853855638,12.50313654569934,10.87228378186972,5.729585877683721,9.95583316895039,13.085321703297979,10.08620369948067,6.204892056281047,9.13898996760135,5.429969695351911,8.581813354899388,7.700748278717537,7.530422238207299,9.010059129884205,14.512122999488652,12.17388615232255,6.62165685885255,12.253364091229557,2.0506727108424694,14.975306549675317,9.950257782699175,4.012752201498653,11.068375042819302,6.200732247452881,6.7831024762245065,4.56401220287484,8.524199825392314,8.371959988159121,15.558565336194274,7.64394555305287,30.27750515019393,10.090280480040885,10.465573291539297,10.361486172916308,12.846600270766022,9.482793834308762,10.56965472586577,8.35247943778916,14.00661482958783,13.738087254227812,4.753583118468802,8.423252718490268,11.264091511257948,13.315454044688183,11.867002877398825,11.580760992317108,11.691080163803104,13.970847904986403,3.7025354587121773,11.957345294965307,3.3155015776255343,9.003171944879723,11.102835075494394,12.979512826392325,5.128012910078713,5.538722638239919,6.8381348059300295,13.711117625104182,12.270983482878714,9.277366536961575,8.540550999485124,10.800381255022415,1.5620727360724078,4.338649601741469,14.308556288492525,7.211964886932852,4.058002560681568,9.71112669517182,5.160160543358286,3.6164919918632576,10.2824725534388,3.1258046997005096,7.527943800338615
17,7.0586093456429015,9.227069725717602,9.649380297271511,2.057835687509343,22.677594633930887,17.722504602265506,14.802009607360946,19.831381787992665,2.663507913870888,12.985251021499154,7.840830851366178,1.5682805539536573,8.480690810960661,15.085396897474903,10.291549535440968,12.131422128805806,12.154030482079648,999999.0,17.373929744120236,8.551212889384594,24.294174546682196,14.400245516052996,12.08163851506153,19.99238782920297,12.694611528037171,8.543334372556311,6.431173551243146,27.91040782848229,6.318837041107607,12.50196125317829,16.17896193155523,10.605474194640486,10.608147946135187,17.16104969145325,6.19598418762571,12.141450976640378,10.755125374555076,3.572913717193509,17.63440741233212,19.50715746021921,14.076878188937282,26.633071919854455,10.964621455765288,17.468910622384325,24.39412976582449,13.853429842377787,11.2837181108404,17.092726434370945,8.724314430649036,14.967735633561071,17.245599225990524,8.727462931059414,9.245553509491684,12.76867397173587,6.233220798608037,10.119991432626803,17.03157592912982,40.5165881883651,11.822500102261348,8.885422488585997,1.9650665689140876,7.943154025099687,6.751865992146358,11.418048713083186,11.98652936400375,26.113539970301378,10.661404860116766,16.3100344650509,7.249295017415205,5.690671789559309,12.39774918190914,8.414452931251649,23.732804151600302,10.8693146723039,11.646417122163239,14.183419018686529,6.599166096145924,15.463405513815342,8.95235599270437,9.436280497524153,11.962606436763968,8.729209332786676,17.141753197826763,18.737469578040667,8.407124093383565,7.981873434590084,3.387344745862026,10.641523318975944,12.509244621549835,10.601373532384793,7.815451929141571,12.254836420598874,10.911778538394595,9.098566492117547,9.047820800011202,10.138983539115998,8.981589232128831,9.971268460535189,13.805445179286295,13.901116913957805
18,10.331214253710506,9.269868874610374,15.06407857151534,15.41400918658157,6.247277852062644,5.514517931757301,4.392666917842198,4.089080174859887,15.525919387591776,14.974738114749485,15.473309984666578,15.913899001374324,12.118015173669335,9.560271472856083,12.516088501062807,13.169678137310989,6.651950988130678,17.373929744120236,999999.0,15.747127555597908,8.089480193443173,6.51653176231729,12.711816200520401,4.16598443035925,4.708137126263484,14.424950201369994,14.424718619298515,10.562681508406396,15.4414177800262,10.328482635322644,1.2009190370027043,16.5576760513908,13.967056721470064,5.697442036842377,12.237102270752542,8.737643099342604,11.979296980979521,14.002172545035277,1.5437402869353438,3.9242984816364532,7.056770452756286,10.495635488105416,12.735601272925898,0.24271901522036396,8.716148255720775,4.651007892359817,15.85186408125772,5.565406781442455,8.70839457426267,8.804437996032643,0.698071698906614,13.431409560723743,8.151708963153945,7.634981758503383,11.916105505395867,17.160583098052374,2.214452870735835,30.490728832192495,9.940750421660832,17.115763893869282,15.883852877065774,15.060807965455522,12.42675261416365,10.713202866250587,8.094581573896853,11.451067255125519,14.695760217789816,2.2914759587893343,11.354503862732145,14.489739137404822,13.229068128335717,13.787405150334871,8.412496518209139,12.256796949701974,14.439842989938104,3.279309587346754,14.755708094414528,5.249174277754162,15.655122306790792,12.456367219425312,13.08349687887936,8.712326585252411,2.0425985157383915,3.224273197205219,15.801265172175539,14.425860129553566,15.106341265848974,9.26356716185265,10.24331957196116,7.892904921046714,10.123831227837492,14.512435032323742,13.738877089911169,8.283994969005496,11.335742809089302,11.783573948294723,8.52138056593379,11.323756921778752,8.316788585616731,5.63296213367748
19,8.778434367260564,11.999682311348646,1.3334641840308474,7.335898241457515,19.1258551148278,13.384753183809119,15.401052791116733,16.428855428252913,6.160128698281258,4.658195671921218,14.714018135384107,8.562239270827266,13.452008575393755,18.348357710350072,3.594509364554853,4.514849035607186,9.098994287170417,8.551212889384594,15.747127555597908,999999.0,20.328208290531016,16.20292273768575,17.190816914122394,16.593484978813223,11.604381791406947,1.322278862267843,2.619268003576957,25.744365789696175,13.323289576748426,16.403771127969474,14.778271469783363,2.1118737799128415,16.472685332566467,18.310840057339703,5.1768711106270295,15.16137711720766,4.251539848351542,6.674841994746359,16.713869002768615,16.111759654774385,16.17576903890454,22.336241631515875,16.206240636393268,15.720519483636828,20.039720501294095,11.133435304241491,17.84637396686964,18.192311357330585,8.638204733024725,17.891537326859837,15.297010315328535,2.315945510572174,9.901881034756004,15.153792043700388,10.416977458145901,17.351980208242356,16.52655601034387,32.66124192323794,15.54043745711526,1.3745563034119581,6.842670475054014,14.61127477713439,11.723894723187467,15.575781119653852,14.585037685169782,20.917567904211936,16.843087543985867,13.799684214023497,11.322896066856252,12.157091917773489,17.699535949539495,14.392398599528516,19.25236784781366,15.878649830922996,17.580170076958154,12.654885597454793,13.21243361926321,11.563392420377268,0.419691678380937,14.628152453247212,17.25703481903439,9.880207189916344,14.539922501834916,15.565340322652728,15.358734617817262,14.328409979912417,5.524448818807804,13.854651719824854,16.36637447492778,7.941351760388489,6.721469982444163,18.127256106663303,3.1562911926724135,9.230190029151975,13.527271832004459,4.13672700959161,8.497105732695964,14.491732834564393,8.615134572496144,15.152362363991331
20,17.55681273701365,17.157996882132835,19.259662022116423,22.24481424354374,1.8434255467604612,6.9609631231623785,12.434279151089266,4.504802334357342,22.056695984930105,17.732234341075007,23.47017788626039,22.981554643783507,20.117954524042837,17.311431982018657,16.73515622068174,16.41825787670793,12.218540831313783,24.294174546682196,8.089480193443173,20.328208290531016,999999.0,14.478301369575874,20.769317318206905,4.352920829352067,11.973393404371354,19.11007660695658,19.900866271807043,7.163404515551364,23.31481957014521,18.375761583322088,9.129880849254814,20.348994771923472,22.056530252786974,12.946340575276649,18.420262223110434,16.82138809373096,16.080958855216426,20.74095713212163,8.968297137231378,4.818112660235143,15.038388765811023,2.4306186394657887,20.823414206424864,7.87978141025865,1.1565923378697216,10.441786033943977,23.93858119521135,12.847375846309177,15.671039801980733,16.585342056032715,7.810940537392958,18.18077294260159,15.516130156208215,15.712429596599463,19.52984547142466,25.240053354400757,9.889889604489802,23.803737628533085,18.02230174817065,21.561738804575445,22.557976831739445,23.06430745511842,20.232087898067686,18.799258621673868,16.184033020947766,4.074658753401324,22.785223062046995,8.155731720816009,19.127823762058423,22.271928733935958,21.272040995491675,21.813188747005817,1.7220012005167076,20.345761977935947,22.515704236764222,10.516333252767012,22.64884989764341,9.021095265765707,20.091116052523834,20.52108452168529,21.146111732922137,16.1323585933812,7.36739887920736,5.629002327608749,23.8295626875372,22.429470521014842,21.49573114040656,17.32921473152014,18.29110578806662,13.778293190332976,16.518330134426037,22.56803727705391,17.503067557215108,15.41417234603885,19.356929787420295,16.23183040083663,15.365073373249144,19.39731735555123,11.713294241490624,13.700007051106557
