,0,1,2,3,4,5,6,7,8,9,10,11,12,13,14,15,16,17,18,19,20,21,22,23,24,25,26,27,28,29,30,31,32,33,34,35,36,37,38,39,40,41,42,43,44,45,46,47,48,49,50,51,52,53,54,55,56,57,58,59,60,61,62,63,64,65,66,67,68,69,70,71,72,73,74,75,76,77,78,79,80,81,82,83,84,85,86,87,88,89,90,91,92,93,94,95,96,97,98,99
0,999999.0,7.066467637963237,11.555827892787939,12.057460383415956,4.376275105898029,8.448630638208487,13.265603952616928,13.053462007025866,6.393561227169225,7.690212480912744,9.298211144545549,10.073947410091408,7.484026025424708,12.92466337289735,7.0232218645929665,5.980382716809848,6.606009516331872,12.179017828358324,6.941241073911215,5.69094849489911,9.054206158264034,14.27943192018668,7.630747832312264,9.32550775559001,10.63170758244817,2.30096032324164,6.639566979969135,11.134715623391816,6.990390775172868,6.757989976670388,5.433894701009446,0.7580386164681062,9.94598360686047,13.753089729487106,5.950027367931796,5.832478554999934,8.027255220285134,2.0789038548628476,4.346841795345554,9.705969421635817,2.953696936911769,12.303251992003569,5.572365794443979,4.850037576240608,9.195137492374126,9.172718978455315,13.691748839259875,2.6425932203412246,11.504899726655223,14.180375709175479,9.78777981250844,12.437672973451601,10.446126864528543,7.496456877121599,5.943545425291278,15.13539770215766,11.09995654919192,14.67294084452643,10.873319692409902,6.9333786690175065,14.357929271907937,9.647904692391794,14.992784418830228,4.837161697105303,5.456505222442397,6.565152300207519,12.989053526731821,2.658051649074061,11.224402450445567,2.932578717045117,10.96250518004433,5.778657375511517,9.095985404153769,8.577457556646378,8.125904450876297,11.03913993299432,9.618202563431321,11.477919480355002,13.527916320278715,6.0410216499440805,9.694890919421148,13.230830000126982,13.285224245510138,6.997708156317678,14.34922725937169,13.518035960861154,5.579669412325452,10.025320850260778,13.001412479835867,2.593609002046983,6.027931020004327,0.19425826741938862,10.416549765806565,4.522941843850767,11.9181651032588,7.918425412026404,31.959093244711426,12.555542571275584,11.615798056003406,13.382841956616845
1,7.066467637963237,999999.0,18.554660041671287,19.09949836344999,3.3126719324806286,2.2939165453821353,20.27866522610888,6.784992651137193,7.457471927980888,10.779209799904526,4.6348850673165,3.068592553276742,3.5161141381944154,15.230260712689978,14.085193697829508,6.710365961198285,6.184213884690811,9.305452891733498,1.3125541608909443,6.573184157028892,2.331324192599184,7.595952035322046,5.258142539755527,16.38946126464232,8.841282641968995,9.308108469128056,1.9257151588583683,12.215495796740178,0.8511302091688193,2.5448642973022024,3.5073250701133336,7.4937424567930035,12.374505705139963,6.732536635983283,2.3125708498282456,6.609886812168897,12.501583373812602,5.78695664838275,2.8813150606510964,6.519476278584168,4.172148083454451,6.000677169526565,5.720253853137593,11.89652341253328,2.1583297876588627,6.324204935187554,10.922289697808754,9.43689328231858,4.691120025962118,7.1479834914062,16.841655467582786,15.23997087052099,9.05405775847173,7.466840916774474,2.0589735494234835,15.100032856770799,10.208779300204531,12.959007970050443,12.912428068275641,6.430551121057458,7.321201039289177,16.69460509325378,7.9901638275473,3.8759002666581637,4.504631385325944,3.9963252019285744,9.851054748380536,9.673877019741154,5.879729295304544,7.466486292683371,4.150980308970437,2.65232329640552,2.0359443390582137,4.468679295658736,1.5945305627581439,17.943907949003968,8.862982744911765,4.422494092123945,14.153240687528976,7.099144420567874,2.784877048707221,16.02271463704477,20.346511981924657,6.475596659342077,7.817205990194563,6.6810125986082864,5.238015953098109,3.076496576049923,14.077387828824104,9.413726701349498,4.275720862580442,7.157487873348061,12.49930682208951,10.790827514826043,11.589932095178783,3.5255845102687635,38.707891243456515,6.456613223686799,8.872908672826052,14.174368546247091
2,11.555827892787939,18.554660041671287,999999.0,0.9762687476643734,15.884278610155329,19.9951415538665,1.7342487428871876,24.53257914110904,15.964913353026624,14.567719199998116,20.572731922396382,21.46455722226821,18.0592589416273,18.124702133893674,4.670608798554839,14.615338929625127,15.645069117272474,22.340846995243403,18.213025238293085,14.45043906942933,20.608660645877045,25.82301008282471,18.490934103276082,2.6633074853613965,20.458896063354764,9.521592338930107,17.76930503075603,18.485473665306305,18.355316626036807,18.235368222857197,16.788342287717043,11.297016893345994,16.301706985090558,25.104481280741286,17.038724635444375,14.554078906822197,12.673425033890089,13.313111203285722,15.902647036442888,20.438329133131095,14.382512639045279,23.800850064150737,16.12730360308813,6.719736424353733,20.706733039033537,19.865785572428138,23.557963627451226,9.128909925715616,23.060584241122392,25.544797309671633,2.0487262227803926,17.128170586396966,20.068912342569575,17.24794207505852,17.116664403111706,22.452681490875275,20.19918044616474,23.618567692811638,17.26266019205822,15.810630076622394,25.8748575876744,2.0748600623635935,26.528902028462173,16.15621534964442,16.523658298502877,16.91015385454225,23.181139727909176,9.17266056677493,22.53219764978044,11.610479746139431,22.196575007508496,16.776207379358077,20.554265669190517,18.862596521483418,19.41766912289816,1.2263833916482676,19.058301480705683,22.90642652645607,20.56508296495454,15.816801857548064,21.034056528873744,17.61154402186899,2.3483867182304956,15.846906906737326,25.868178906075936,25.07384964488167,16.356893604809088,21.37722623464884,19.704055249598703,9.692397308634103,17.146962602661002,11.499947329781426,16.96090392579468,9.618769443099692,20.338286050058855,19.282814754580755,22.572788755421104,24.00599546889262,21.7980071333666,20.28258839254948
3,12.057460383415956,19.09949836344999,0.9762687476643734,999999.0,16.33784578241831,20.462328600879236,1.3493440997472486,24.94644311026028,16.150401533270387,14.553018261522611,20.933385440708296,22.04551709669514,18.74577419959638,17.874135851468814,5.058888270282983,15.393078413344865,16.41641615871367,22.507257315706998,18.811861777777466,15.218704698594719,21.105782102574572,26.279176805809907,18.78933038491702,2.8292082937841396,20.60200780232937,9.943564436548177,18.3894611141262,18.411937658270855,18.935565836217492,18.666083078509956,17.190738120551913,11.747302272178759,16.190129712299065,25.70142106008325,17.660568297619243,15.326185315392202,12.549587807570408,13.73512001871061,16.397093218925214,20.700088834834357,14.932177372831273,24.225542756969606,16.414543854629397,7.208125533037786,21.243052855247022,20.126513234461576,23.67704422757336,9.717881398070515,23.550335478214862,26.138809991359334,2.287716195686322,16.85717961695067,20.193217587865508,17.42680923697217,17.726869216311574,22.317487638905085,20.265506388141947,23.63149008156535,17.130514249289703,16.593132711771673,26.410334519994354,2.410505897548857,27.050092199495502,16.555833460973307,16.874584544264295,17.608013159825724,23.344993420140998,9.585907783686988,22.892754549486042,12.30180865907901,22.814605185541886,17.408091638557096,21.113020925902404,19.58079144450254,20.01681450861178,2.2025413071037274,19.175930420728278,23.478255607314725,20.429250945495497,16.025791981991198,21.627138511130315,17.30467904871761,1.4261815361501393,16.631402621539532,26.302585187946676,25.558468759282178,16.66841576663408,21.967987685564687,19.551981451323257,10.05404254718791,17.49997332176825,11.98843377858166,16.84901594181197,9.777704201678684,20.334383180827366,19.672742412697197,21.64433079755974,24.408290991240467,21.97162328811835,20.138745952676164
4,4.376275105898029,3.3126719324806286,15.884278610155329,16.33784578241831,999999.0,4.128732716008852,17.578034328304984,8.677970290302573,4.680266102435477,7.70979570629237,5.022790289707164,6.339164231075961,5.581946719873126,12.502842578054613,11.279351363542615,6.852598794850968,6.821860886841787,8.644761307701176,3.886610531524698,6.608843368083773,4.83889170999051,9.942432483832926,3.9139448455914425,13.555354558609796,7.519622504760675,6.398438996160762,4.010898747215928,9.788474321902564,3.6701209210551173,2.3837772807229487,1.305068783381657,4.591509738886553,9.527523774337551,9.941527903990744,3.675493734963177,6.707470553600185,9.253710016341028,2.642553711605329,0.7735621371570722,5.889535341813529,2.2861478143084963,7.930866910232471,2.987573774549357,9.164746003964348,5.190306286822586,5.444204768856932,10.266346512914046,6.990631635027888,7.242745991963931,10.337242020171354,14.053221021280489,12.374198690016149,7.531777439945182,5.125967859901687,3.4687535259865983,13.210358365682376,8.507600685884553,11.790233312221734,10.19658289908191,7.155850535492872,10.230576966152165,13.929579975717049,10.809044344078291,1.0269845307974994,1.982400324378355,5.325765693694611,9.378301741133951,6.759823815281519,6.901026009705782,5.907357902614406,7.463000898459843,3.785345022663454,5.258339675284254,6.7707472805511255,4.79581742539206,15.406564324088727,7.003407120800821,7.599468706797098,11.968085081541277,4.274431438010071,6.093577969523157,13.17604030662396,17.511896610717262,7.218589565273441,9.986786145185285,9.236252441096855,2.611809294065608,6.374122953661715,11.721017274450626,6.377079687796589,2.245674357757417,4.404936594134082,9.755318824241492,7.550233967066703,9.700322819957897,3.602975741713703,35.464961035047345,8.179882812532911,8.109856373438443,11.926309914934247
5,8.448630638208487,2.2939165453821353,19.9951415538665,20.462328600879236,4.128732716008852,999999.0,21.69548591581503,4.714843238979564,6.924265117750943,10.405896366884082,2.524649388616232,3.2774715431476804,5.701719445813541,14.304694675872263,15.404867670926528,8.98467711025718,8.478007770084568,7.286787218439311,3.5600171232831688,8.836371605848994,0.9590490395518286,5.830801494319233,3.9830007971613144,17.683662790009837,7.140088610969935,10.526527208299113,4.205609828100855,11.088013612771205,3.1020813726433825,1.9553812787471707,3.5194918656378857,8.715189906576732,11.650901375907747,6.302881403421355,4.596571460889941,8.879398287497244,12.444778521935188,6.761812492975818,4.1209902489344605,4.643954912464624,5.827887536453602,3.935828456338071,5.370320360475162,13.276639026953662,1.8573353740390415,4.594289938562275,8.859307144133641,11.002682825055919,3.130703572246623,6.638295608736468,18.1790119516177,14.468822659321242,7.450660565768529,6.543563325571971,4.33493450855518,13.51875437067792,8.65191152617131,11.050012017125724,12.029909379785126,8.723847784020835,6.204939769861398,18.05301679533001,6.729609571839616,4.120789669641845,4.2755977335570154,6.281902407471006,7.752500368973216,10.888312725862578,3.585812752610564,9.400700582821369,4.579488728299372,4.9309706876670285,2.343656646250575,6.5093472356539275,3.2669610437700225,19.484543864407016,7.4762692478563,4.039329392538463,12.785997165130764,6.650693976863547,3.378509882458959,15.214442399114386,21.640615157010135,8.768491492284516,5.921878980010961,5.109326785560964,4.891775503841736,3.4714612982615174,12.841070803177548,10.497144936942739,3.7775481654840166,8.496535858308295,11.658210825171269,11.527249075960007,10.095111390365128,1.9031149493215387,39.3382408227417,4.305013419338389,6.909855664053817,12.852592172716282
6,13.265603952616928,20.27866522610888,1.7342487428871876,1.3493440997472486,17.578034328304984,21.69548591581503,999999.0,26.21053395000111,17.48889750853903,15.899305337508236,22.221719946955037,23.19542877088938,19.78884884129498,19.158845451516743,6.319072618896495,16.312956240622412,17.345644793839533,23.849741871627817,19.945688781676914,16.15343465642168,22.319810016118634,27.519971058164316,20.100551506561533,4.14881322255176,21.947122336522902,11.197381729943812,19.503330026167777,19.74935454572726,20.08580972686085,19.919904619164416,18.45881096587181,12.987131720905259,17.520766792984578,26.837332960448155,18.772785710187787,16.254933178556342,13.879766304965042,14.991706328938687,17.611812922776448,22.022793178136755,16.106739446888902,25.483818530197432,17.72860612897549,8.420077226299071,22.429068940224568,21.449376665104612,25.024533212917802,10.858672717948014,24.769675496295253,27.277396832581775,3.5783020052991725,18.13385066093435,21.54006536768032,18.76668720698069,18.850157088792002,23.639874795471844,21.61484404820732,24.978906912324312,18.45578501161703,17.504564067854982,27.597564330834064,3.6685185105622087,28.248021472632363,17.82504706555574,18.16580572592403,18.63770798732247,24.687908752230477,10.843839742599998,24.181548463768692,13.340655105158687,23.930630091103524,18.510452610097115,22.281438906399266,20.58441734035178,21.15044284451803,2.6707233765014764,20.52320977621844,24.636083577578407,21.752123090970198,17.359872495587616,22.766342777667443,18.563610655795006,1.3916019323277644,17.539568662296304,27.55588386532531,26.781448674867807,17.974521595705326,23.109286683069847,20.87070224514322,11.33660617750255,18.790553206238336,13.205174708881653,18.179274008274813,11.117918140282548,21.68072957791889,20.947600089005675,21.14270981003209,25.678149884168796,23.313023418396764,21.459546558427753
7,13.053462007025866,6.784992651137193,24.53257914110904,24.94644311026028,8.677970290302573,4.714843238979564,26.21053395000111,999999.0,9.972558767933664,13.277279488124758,4.208108808113224,5.502481024877692,9.640085685640557,15.917046950197866,19.893662749495945,13.417942211804455,12.767322460879907,6.6726382843681336,7.834718297434856,13.306728981882678,4.458390046622064,1.7974223138747365,6.683128962883843,22.1369803819344,7.767155024525373,15.013680566435971,8.502772613321486,12.536681655852064,7.436347066019831,6.3034030781733845,7.756316001352634,13.240437688991367,13.845462595795071,5.546555400660195,9.050200094086637,13.330321213401309,15.625393730426639,11.219929751314854,8.791574361792245,5.607454385027969,10.53531503009448,0.785696549279115,8.918110287573398,17.821095314020123,4.989072514662678,6.028510743422181,7.67686255197547,15.651905656261508,2.548005271360093,5.569205856200294,22.658772750461026,16.37651416438962,8.291822428418273,9.06846210329299,8.817303612389512,13.589625030492572,9.380195266540854,10.247317338831907,13.89524513892149,12.961510022224129,3.8899629028826084,22.547728909598582,3.8220987959997452,8.391741053218913,8.16748534101827,10.501748759998343,6.6042376946633174,15.366708948514825,2.469521035834403,14.112693847949942,6.243340900645681,9.396031298575874,5.51322536579764,10.072079728718183,7.027150489018501,24.08193167215205,8.874161829277332,4.7553118108293715,13.505366518650684,9.85595162677658,5.995923861739931,17.007570934613785,26.068809882346642,12.9956483271935,1.471086699533361,2.123122207241605,8.5396361430461,5.783266901516442,13.877645237535061,14.900265433827443,7.549346925708136,13.082289558387599,13.635174404184992,15.632405142803819,10.77011761640469,5.295843953951158,42.98548000731722,0.6208023087527141,6.653080547567,13.680833717321557
8,6.393561227169225,7.457471927980888,15.964913353026624,16.150401533270387,4.680266102435477,6.924265117750943,17.48889750853903,9.972558767933664,999999.0,3.48591641495031,5.805847026133145,10.043742202167293,10.246084607022691,7.842312426726912,11.371861506773522,11.137743986837584,11.299619175346319,6.379581796405755,8.382676214736927,10.864689769888786,7.8795371194293775,11.664595179353626,3.307630404119324,13.347217295032616,4.545237641106824,7.087313932669624,8.623584218060532,5.161934058058017,8.067741010954238,5.150879177901546,3.962057538604797,5.987951428945408,4.921893639136356,13.21450738501397,8.349013617483703,10.983782279287409,5.678074646800946,4.534448582174556,5.448136325271094,4.742964248924643,6.35510414911352,9.435310867779787,1.7495191129726062,9.752426715715417,8.65343325937334,4.187473565461967,7.680157074415542,8.662779794379427,9.695536754965667,13.532236304545588,13.939297042864968,7.787878046212127,4.231662959297955,1.2854178938460874,8.131545416694783,8.881012673918896,4.728941051851166,8.32333510401616,5.527327174320957,11.644954167520076,12.829736429862505,13.890765772878888,13.19343274079966,3.740036641053885,2.9572770020073884,9.99377422362403,7.220768734473512,7.329699354977744,7.552809894878164,9.107939137189351,11.318678519994965,8.465559574530946,8.970814811514254,11.423560784389805,9.051847527262499,15.839138982884133,3.299569637640961,10.962172940972339,7.443194790417991,0.4160167789790812,9.977537001304817,8.57663780422962,17.055424529047773,11.710358029629221,11.443301696343648,11.36568561666205,2.221184734910346,10.173650136521134,7.102780874019234,6.626086439360364,3.2363358927202257,6.270918359362455,5.093305425683866,6.373473990051487,5.542370242525236,5.171228506914737,33.01519610655715,9.357309288479025,5.833679184253998,7.362591398932787
9,7.690212480912744,10.779209799904526,14.567719199998116,14.553018261522611,7.70979570629237,10.405896366884082,15.899305337508236,13.277279488124758,3.48591641495031,999999.0,9.195196651574285,13.487120223314804,13.241925159671961,5.237055538736993,10.336550093465606,13.351448577472105,13.725322978266941,8.55496794094851,11.574832834838439,13.062565818308462,11.359135900012824,15.014269961888596,6.722472760640945,11.907086941384842,6.596612222517536,7.283983382294983,11.718815627367933,4.013744218699262,11.30976202100904,8.595731592276486,7.280606297209921,7.030275607517535,2.2766096011863644,16.699921221758267,11.33197926597066,13.196044362652541,2.47171127033023,6.509390839514321,8.42230314996507,7.7813538682487735,8.817161604921624,12.794257237066708,5.104085416766522,9.30412675750773,12.112001199049917,7.2887732785618615,9.41085258251488,9.192167759958345,13.163853458585187,17.01812228708558,12.524729543480927,4.832434049919246,6.084327300560928,4.208818808779038,11.149613347882028,8.140331931343054,5.85046615573311,9.082973426880317,3.2558419496302644,14.073712240992188,16.288196773022253,12.534234032470168,16.626544063641504,6.923964094448779,6.305851519905043,12.800161843312825,9.337389052472112,7.370840721823719,10.817031106758156,10.622787930949613,14.747863563067229,11.384880692201733,12.40362411802496,14.441519744770613,12.361403549411001,14.70298678123626,5.090189315493322,14.441024301393822,6.316289175343781,3.7613461030017348,13.392243105309229,5.640895148916438,15.229262520021447,14.14055625575699,14.744811747505313,14.784282793117725,5.5959403239377865,13.604301477629255,5.603804510383189,6.640070627106837,6.676434466468863,7.512454634106458,2.8199294488640083,5.3076633446979935,5.7814249556167,8.653003920001476,29.835165265602736,12.65683593868379,8.100816568989645,6.093850974138827
10,9.298211144545549,4.6348850673165,20.572731922396382,20.933385440708296,5.022790289707164,2.524649388616232,22.221719946955037,4.208108808113224,5.805847026133145,9.195196651574285,999999.0,5.577944977989891,8.14002257634996,12.430724728358502,15.907328163181527,11.078105811389497,10.697680044510514,4.762351353715541,5.946488597881707,10.895034648093194,3.241231873928028,5.861337228912736,2.498490776215607,18.109287332411,4.768108322930204,11.068901183496397,6.549593279357484,9.099822857486199,5.483599756675359,2.76832215566792,3.864316706288309,9.365692691427457,10.029989263730783,7.908395487536273,6.81063039211648,10.957487032482643,11.481539599913123,7.322274869406424,5.385135265140367,2.216032885787048,7.196900830899904,3.631987216050262,4.716785797594739,13.908511478047654,4.2379561218485735,2.326369531377678,6.338792572023278,11.939994613371304,4.119091393927873,8.149397442388626,18.650516976462363,12.73258832699574,5.14868869953808,5.018994763513937,6.535494526966433,11.146159818171068,6.356085813385784,8.538122269282177,10.244041545702949,10.971807683177014,7.1523293983377405,18.553233056949136,7.441530501216528,4.470206300431195,4.060034861816623,8.594924277045092,5.240647299942261,11.409050569503894,1.9598466388322504,10.874226996046954,6.838991681154778,7.118365330849987,4.792304563177821,9.008203223396384,5.785969489285884,20.201303860519165,5.372044826330332,5.937767851486271,10.56703801643964,5.664100744345046,5.786313390855566,13.430938695411925,22.009631100889674,11.021940875883683,5.669984048803484,5.591556138460841,4.356220898252864,5.813801792654997,10.724541919002146,10.885316235988249,3.4342800757023455,9.294219937011746,9.922353737694614,11.471567504046552,7.818794701556345,1.4330439122516605,38.795485386306126,3.6075233723953266,4.394858661510011,10.667695465733841
11,10.073947410091408,3.068592553276742,21.46455722226821,22.04551709669514,6.339164231075961,3.2774715431476804,23.19542877088938,5.502481024877692,10.043742202167293,13.487120223314804,5.577944977989891,999999.0,4.399978830312078,17.565912327104893,17.065996302577332,8.47328669615074,7.662484280044823,10.222816632204037,3.275824703663374,8.427521675453436,2.371720391462356,5.602600615952328,7.253424718820383,19.37142560804837,10.32982967377124,12.341319428221135,3.8125670399886893,14.364515804274854,3.1102399603771667,4.89446761621749,6.272893724786668,10.536821559823185,14.863927248806055,3.680174577737047,4.525705091277319,8.417436027565085,15.37434525016933,8.85523482448031,5.949554055450168,7.788008478336442,7.134085904890657,4.83467627690288,8.3852188906929,14.864868293398724,1.4239556690570674,7.812333245141417,11.695837633575952,12.337112855031606,2.956449215802666,4.106544428690926,19.80546970421583,17.700934011670412,10.67532065280365,9.779552118461366,4.396174285061421,16.71579168605435,11.882366507428722,14.04570371351684,15.280275213741168,7.795733838875064,4.59245201301733,19.650096565858203,5.344198820500367,6.756017206923144,7.199482908358136,5.448936658564163,10.556451067481103,12.706119912409926,5.822045119869957,10.092936874179513,1.3026696984393213,4.837268341797482,1.0976630281453474,4.620630862500631,2.0948856621722296,20.797761071593293,10.746738880042653,1.460896941753089,16.046288138410965,9.731941831888218,0.5406028363936145,18.45609162130339,23.31818618277025,7.8185905716321145,6.027824911020045,4.509327317299167,7.89359867584614,0.2847052941511506,16.11622528554945,12.469844542038228,6.813951971209403,10.1764681707751,14.899566775289692,13.85570949553149,13.335615351613576,5.179836530029662,41.77489801817488,5.452865945438646,9.919134321624266,16.119635598897908
12,7.484026025424708,3.5161141381944154,18.0592589416273,18.74577419959638,5.581946719873126,5.701719445813541,19.78884884129498,9.640085685640557,10.246084607022691,13.241925159671961,8.14002257634996,4.399978830312078,999999.0,18.08172114728362,13.991180390265272,4.1346250675901315,3.2689604663648915,12.81982008776803,2.207539622474678,4.130055235483003,5.3911273001789155,9.978535924134007,8.614293142440141,16.251084551918343,12.280336544089637,9.741295681505221,1.7006747889803542,15.28263430404108,2.665276275855808,5.924976999093349,6.402221978881055,8.146786806949352,15.109054184063416,7.481174620404168,1.9118242719770966,4.098631930772927,14.5519641309463,7.150531134644299,4.834822855023162,10.022351358815799,4.788081273041684,8.895121728909455,8.51770659561213,11.804155015112366,4.663065145238034,9.798833089000128,14.438308352947036,9.149616548971734,7.186411948679464,7.929132152877474,16.60396028085146,17.952065263812017,12.452032116394212,10.53584316669798,2.115005521577299,18.434550679619985,13.5716744817338,16.447680387664516,15.771575521299614,3.395959419352301,8.88676545115471,16.420325046748733,9.66565134151022,6.51019662162737,7.3737232040128875,1.1807342439113302,13.366009961321428,10.078146122811926,9.224172615513023,6.44895214333208,4.5307491651341785,1.8787364543387652,4.127111792805554,1.2014706412919212,2.6214763920072266,17.25548065314266,12.160224309081666,5.750146975852733,17.36164268645704,9.846107261424422,3.8595524190415946,18.755276713866948,20.096234091345448,3.4196561386770794,10.363381890255965,8.901190446960996,8.088473101446896,4.174136332435923,17.1950342821526,10.076927757839014,7.346789262550055,7.644011695964475,15.333036360533415,11.895406649548244,14.904632850248388,7.029005076894824,39.372572837354724,9.4498484982641,12.381578992849265,17.351543474860847
13,12.92466337289735,15.230260712689978,18.124702133893674,17.874135851468814,12.502842578054613,14.304694675872263,19.158845451516743,15.917046950197866,7.842312426726912,5.237055538736993,12.430724728358502,17.565912327104893,18.08172114728362,999999.0,14.513513147015727,18.54643043965426,18.869674237935573,9.662405907420382,16.21420111331761,18.259423223599594,15.250397921102012,17.713452207708265,10.32301691109637,15.580487469373626,8.166387416214471,12.340562426167054,16.46589591646126,3.381238594175104,15.88408835633774,12.787322693052477,11.779442462310216,12.25473616945867,3.0358114825853617,20.333307786885502,16.17823944629444,18.39070599417344,5.747210709037902,11.68756294932357,13.261332436827491,10.419747818630393,13.914241775685046,15.647664705753531,9.586426457969136,13.966288546190315,16.142892759957483,10.134717426339831,9.633851502341301,14.279215024847815,16.543895713158218,20.580114386753106,16.18326719012451,1.0762986034452204,7.629241135674877,7.8041224012798285,15.966746306945787,5.010120480219895,6.611559259278612,7.944447652374284,2.319865099883697,19.218587440473346,19.4774607665459,16.254536758892314,19.638621128287042,11.581970793903551,10.776013784840874,17.773467413068236,10.165056544218567,12.372041587358131,13.52707679727626,15.856979917760398,18.86691356606687,16.278956484227486,16.54645348588515,19.26338082933719,16.81988773716862,18.530943144459922,7.101413959818489,18.25809343395656,3.39802566212901,8.237269994899432,17.58375619592941,1.1962271742306907,18.210669650860535,19.285260811537565,17.28893004208878,17.787047251914263,10.041986448229393,17.73477613145173,2.531783711144953,11.67264872850214,10.954688053796206,12.745465736965832,2.7492947250652975,9.989157246973594,5.407564057553876,12.407773466979524,29.255475877154527,15.321241542095224,9.465253042905687,3.070084251857392
14,7.0232218645929665,14.085193697829508,4.670608798554839,5.058888270282983,11.279351363542615,15.404867670926528,6.319072618896495,19.893662749495945,11.371861506773522,10.336550093465606,15.907328163181527,17.065996302577332,13.991180390265272,14.513513147015727,999999.0,11.033676405082527,12.0046376040758,17.75037097650383,13.86624199672937,10.817164371636403,16.05689107143594,21.220321131885008,13.823013345028377,2.3055521196018867,15.898377816283244,4.88498353578102,13.482345182271178,14.33961607138675,13.962294392590817,13.608437756587643,12.140305200159354,6.689723114863132,12.290700801373857,20.736942622430206,12.760295278459825,10.9406440647846,8.800336138270238,8.677856528448642,11.35028780825491,15.781060253932246,9.933625991901557,19.169760651134045,11.46337203330425,2.2084562957247726,16.2182807023108,15.209354788304427,19.018769259229515,4.842990598972329,18.497705915892706,21.169691457341177,2.7741615302765568,13.612970792479162,15.533142818456724,12.657279274416892,12.804736743371025,18.4244552938962,15.748771467391556,19.245477396722002,13.292498641411767,12.231940964328974,21.380625346265827,2.6541711885827226,22.010622026272443,11.50628847807556,11.85514010912319,12.896876029551558,18.591731763539805,4.52834223244337,17.86711253514634,7.656106107805738,17.888323651827786,12.529369170307925,16.109306989088264,14.916680198156701,15.067746910141008,4.47112398608499,14.535411277748057,18.485327273082323,16.558086609971472,11.201321703639591,16.664852966556907,14.21714120127236,6.262075545666689,12.279427301338904,21.245161637060633,20.503816225342646,11.687378855634591,17.001683035889933,15.753456146279985,5.023280244925443,12.478987510801488,6.945376388129527,12.93867332746957,5.1281777334119125,16.016788137270673,14.62854861622245,25.578805254969733,19.359555967136988,17.20139677993126,16.301201955564473
15,5.980382716809848,6.710365961198285,14.615338929625127,15.393078413344865,6.852598794850968,8.98467711025718,16.312956240622412,13.417942211804455,11.137743986837584,13.351448577472105,11.078105811389497,8.47328669615074,4.1346250675901315,18.54643043965426,11.033676405082527,999999.0,1.0401789593344348,15.355451631034036,5.583246676088691,0.2914466214661537,8.980672376155376,13.965571845186107,10.697338628927582,13.149598294219569,14.362736040778755,7.752085565848838,4.915928764042087,16.278477406795748,5.9888100962182405,8.402604318046652,8.097713037159545,6.737472260381496,15.513281584900378,11.598929042956527,4.398519102459691,0.1557825328321792,13.981484610871956,6.85914615648136,6.1487765924924425,12.526932601015522,4.790536216970955,12.64321315034368,9.660680008933516,9.001493953697414,8.4680982450173,12.15570319016441,16.995620910345803,6.459012950865311,11.094986027972046,12.045042373366227,13.405015244632493,18.179630737208957,14.384369485320532,11.857127236295387,4.652771533384689,19.954728057986568,15.34447212721802,18.635970349355418,16.352728838445465,1.204544726813077,13.011624789818018,13.197061600635127,13.785824003840407,7.867077323338626,8.821094211832893,3.0245802982993837,16.030549387990828,8.003770318967359,12.554161194689403,3.5428530783588923,8.662528498534076,4.058124121685968,8.014865689276544,4.516412690781524,6.499835958520836,13.691096402060401,13.829957158883008,9.864758557332115,18.5807018777535,10.724211100679694,7.938346083504799,18.985693360824186,16.794051066404236,1.248214934083301,14.29632779707403,12.92285314837589,9.377974294081158,8.267440096397511,18.21468588760404,8.296170895018081,9.082791578324292,6.174575064842313,15.892627819553573,10.385839603188819,16.48465902171555,9.727442338029885,36.61025850166028,13.137133785355177,14.845407662264725,18.497880272392944
16,6.606009516331872,6.184213884690811,15.645069117272474,16.41641615871367,6.821860886841787,8.478007770084568,17.345644793839533,12.767322460879907,11.299619175346319,13.725322978266941,10.697680044510514,7.662484280044823,3.2689604663648915,18.869674237935573,12.0046376040758,1.0401789593344348,999999.0,15.123741391398703,4.9695211538643616,1.1990108481908675,8.377238865513167,13.215518137549235,10.549224731994586,14.144525007874808,14.25107182422697,8.524860200967034,4.301398345445088,16.460976850625524,5.404863902445091,8.110299029462055,8.00019128701926,7.361916962562612,15.834245717440263,10.667634777453069,3.8977421561774444,1.090991155200808,14.514806735478423,7.218361164126272,6.075709387324887,12.284261536653572,4.9696715690989715,12.002589349248348,9.737034257929635,9.939968320760046,7.784014649672795,11.950612419932813,16.765814841670398,7.355199116469126,10.380205269568261,11.111150955549043,14.411467184745089,18.556831174133805,14.313238375341546,11.920835349706715,4.1694349171644465,20.022136593199708,15.322378474288561,18.518274154851838,16.636769739292422,0.3489178712735712,12.149214619169735,14.20580687156386,12.930628935190557,7.848741487035365,8.804021135809938,2.2664996142203995,15.76484826383175,8.797684163504517,12.06372360752568,4.422441780759831,7.758537899145701,3.580624568366743,7.295102821162942,3.51779260218585,5.768374682487011,14.727378569020445,13.82375900205238,9.018290353913686,18.71950926824591,10.883655290904795,7.122903469277197,19.365837356092463,17.814154163254294,0.4156392826068251,13.575948424770086,12.151126113089681,9.412269347846163,7.441439748959645,18.401728335026156,9.03276182089123,8.997893432518763,6.7978936003281065,16.179018814988652,11.090155898949599,16.520102282950585,9.39906787460102,37.583154397051516,12.52234172472974,14.631235062221204,18.65462491373166
17,12.179017828358324,9.305452891733498,22.340846995243403,22.507257315706998,8.644761307701176,7.286787218439311,23.849741871627817,6.6726382843681336,6.379581796405755,8.55496794094851,4.762351353715541,10.222816632204037,12.81982008776803,9.662405907420382,17.75037097650383,15.355451631034036,15.123741391398703,999999.0,10.612408649520756,15.137684215421693,7.962225293146053,8.402674391796662,4.735662364799767,19.71509938683687,1.9637940453891582,13.330751391534283,11.173624228585188,6.392177754310169,10.155188081611666,7.022714044889864,7.342360025633012,11.969802429450185,8.231327986719382,11.87877386246416,11.327512105419862,15.22046122352204,11.0169878965197,10.10793914686365,9.26061879330092,2.839824656932615,10.922717623667497,6.640686654857826,6.617657116982952,16.07915189718513,8.953873352085198,3.2083548919939324,1.6422184257267882,14.703823901655088,8.103255975892301,12.00644929115838,20.310848871563213,10.307153117174678,2.4737039019351093,5.094603661982054,11.051458286625506,6.922567913006549,3.1053372066912037,3.827492888013412,7.96353031127397,15.424271387297248,10.519347240824693,20.266180883443838,10.494349649157195,7.728074076786397,6.869507742045191,13.153922432030805,0.8413919810194986,13.605401018338997,4.6717284639531345,14.423847515988571,11.424342420216828,11.603160245087876,9.526229704126282,13.741096459981666,10.542579566265122,22.21565417615334,3.4691807301613946,10.303915154003594,6.91224303092692,6.5588271133210885,10.48841192595627,10.825221459516992,23.370991811071754,15.479683879279614,7.887051780273758,8.74539916142956,6.608387328085266,10.477529085217652,7.393610885495016,12.932096269730181,6.4275981240287265,12.106629309989303,7.829930196560756,12.733115219219338,4.282152785750123,5.799423911533195,38.130869410509355,6.152956270865424,0.5643443136978497,7.118873500403687
18,6.941241073911215,1.3125541608909443,18.213025238293085,18.811861777777466,3.886610531524698,3.5600171232831688,19.945688781676914,7.834718297434856,8.382676214736927,11.574832834838439,5.946488597881707,3.275824703663374,2.207539622474678,16.21420111331761,13.86624199672937,5.583246676088691,4.9695211538643616,10.612408649520756,999999.0,5.47650108800313,3.4102133188663863,8.452266007583098,6.46433769694965,16.168625274354646,10.099405966189035,9.237349682455013,0.6701790409840447,13.292104596077332,0.46324862821188545,3.753383854477288,4.436302854665001,7.474395099039282,13.298883049690653,6.891805098605594,1.2827678400817029,5.496791720509209,13.126702374205756,6.020770525973559,3.251551082924489,7.816381826693667,3.9903689427065374,7.060713689306058,6.633372918729758,11.659000172669852,2.9107982993024963,7.601970247244309,12.231960996330553,9.094516743238295,5.550902985316186,7.331775358178017,16.586464894362692,16.162110776083818,10.289740842219937,8.52986294435206,1.1229553654996758,16.30750679835948,11.426995598332908,14.247161418148949,13.894715501076947,5.194527858441082,7.830518091476126,16.425165526087014,8.556395500330325,4.670047903026395,5.438316736818538,2.7334843935641535,11.163024214708791,9.59756779421816,7.132702358241785,6.822499644540362,4.026670501011007,1.6185650505950973,2.5283775724492275,3.211885773946103,1.205067949614004,17.52976717625422,10.04558021927304,4.73520720633698,15.299253795428212,8.001266900739017,2.822563530069636,16.955534004458315,20.1015939821437,5.235734641779081,8.74459541259329,7.4561788718290645,6.17232963564803,3.167650302338887,15.180665287539515,9.43544144943849,5.3160825389557305,7.062369800550773,13.46893847588991,11.007878477225793,12.784965933918539,4.822351914830825,38.84014197090521,7.563230628492809,10.174495036336522,15.305648218259511
19,5.69094849489911,6.573184157028892,14.45043906942933,15.218704698594719,6.608843368083773,8.836371605848994,16.15343465642168,13.306728981882678,10.864689769888786,13.062565818308462,10.895034648093194,8.427521675453436,4.130055235483003,18.259423223599594,10.817164371636403,0.2914466214661537,1.1990108481908675,15.137684215421693,5.47650108800313,999999.0,8.860173912637473,13.888858980376563,10.467536973157632,12.948355612360544,14.124242794946124,7.47703308000731,4.813344184172028,16.001888588360742,5.871104606943301,8.20386203578475,7.862494392754231,6.448240146348364,15.226680294453098,11.60887745486305,4.266812259596735,0.1422159759488682,13.690324344050378,6.572645216714012,5.91362532004188,12.313054594304432,4.5230321220841265,12.529454369240664,9.398194544226861,8.769052953703538,8.374582608791723,11.934929871465803,16.776747895062503,6.210216101435115,11.007972975311421,12.056207667932185,13.212926513699008,17.890253442587518,14.139460086901343,11.594780424158705,4.514312496246824,19.689451480441274,15.091948121416362,18.39683542194297,16.06822237774657,1.4172557501585599,12.983521415050967,13.007010978328356,13.753706526089564,7.619610100161376,8.572161121520681,2.9906201643741372,15.819081785107668,7.732167141783649,12.39682232854776,3.2857730751226515,8.660405226088178,3.9232264595072714,7.934810229874395,4.58700403128961,6.4283981736865705,13.5403750294281,13.575826666965781,9.832382668145227,18.307882161237377,10.45160664491964,7.89566087671353,18.696170873882707,16.61565642401039,1.4678721258723926,14.20835935242976,12.855376674640818,9.121188604191014,8.22859027861236,17.937357152398025,8.016536105145587,8.844083607162506,5.88510858367676,15.608030009572854,10.103324434113139,16.22406021035954,9.53432532852207,36.3958254626491,13.014794046417185,14.624588689854667,18.223309177119937
20,9.054206158264034,2.331324192599184,20.608660645877045,21.105782102574572,4.83889170999051,0.9590490395518286,22.319810016118634,4.458390046622064,7.8795371194293775,11.359135900012824,3.241231873928028,2.371720391462356,5.3911273001789155,15.250397921102012,16.05689107143594,8.980672376155376,8.377238865513167,7.962225293146053,3.4102133188663863,8.860173912637473,999999.0,5.314214461412599,4.927469027440634,18.348238818496025,7.967688653211844,11.198937043655409,4.080241544038191,12.018425954727334,2.99194064247826,2.845092974530402,4.3822950668215945,9.377252333913628,12.608447784124794,5.362535059575851,4.596438393966037,8.888309820872125,13.378716871732802,7.4803457398888655,4.708949393311564,5.435412965080096,6.301011283377522,3.675953992553975,6.30852754357856,13.902359240157,0.9968138127150126,5.442417180855634,9.489450547851538,11.548298582456301,2.4562704908319173,5.708314905039527,18.82907512683259,15.423506922574292,8.305654569412786,7.499380266804188,4.360030550758078,14.35431401795969,9.512100046789412,11.765450537103478,12.980534527581892,8.59399813556073,5.3955985142402,18.69530571053886,5.972378466316185,4.95855747613121,5.1903841539390685,6.1265894574155135,8.362442862731148,11.56347996856112,3.865840662296917,9.751690778638824,3.664866362507682,4.941828516015332,1.5650103365905907,6.0575563183325585,2.8053155905142577,20.056474826200333,8.380244675965102,3.0826445087764176,13.675225109630004,7.601430892735433,2.5452991904046223,16.167018651699216,22.309726981204086,8.632937549657951,5.500054257129812,4.4726632910350475,5.826080212637958,2.589204734386315,13.753301466613882,11.210827149106882,4.714120202906986,9.117746481033937,12.611423436315555,12.334056306890888,10.964337469717504,2.8426417474200747,40.19261976848962,4.156531114537378,7.624068479139896,13.750356288222488
