,0,1,2,3,4,5,6,7,8,9,10,11,12,13,14,15,16,17,18,19,20,21,22,23,24,25,26,27,28,29,30,31,32,33,34,35,36,37,38,39,40,41,42,43,44,45,46,47,48,49,50,51,52,53,54,55,56,57,58,59,60,61,62,63,64,65,66,67,68,69,70,71,72,73,74,75,76,77,78,79,80,81,82,83,84,85,86,87,88,89,90,91,92,93,94,95,96,97,98,99
0,999999.0,17.261249098307623,11.305346854471676,15.050231324389827,14.326858180251111,3.543572510484388,15.548582073466978,10.393616200499944,5.949143130274073,16.313023444936025,1.5691138966312144,13.956257680306546,3.787084637595513,14.964033795384996,2.2148970960274688,18.351610937649678,14.470312873856084,17.783579166714794,7.211242051528684,11.930542332967965,15.321042872356882,9.911034982038144,13.251114345017129,9.698911754295477,16.668740885528123,22.011285321676688,2.241887344903195,16.02652611811157,17.679293714499345,16.745469328228964,14.13910967333327,10.765149536198022,18.96457901290622,9.452119892825225,12.026584359572071,6.088504714627666,11.99691028885663,12.133370373406116,13.962162814610647,10.022492813388562,15.657201826563615,16.780928230602605,6.77784340025385,10.930984451983518,11.442728517320356,17.540553108748522,9.69347362195879,16.769813004445812,14.617931464651052,17.37335306487154,12.030847474656051,14.769843160300635,19.366244563412963,13.759467818796987,13.886567433303085,15.95614336045526,11.143567848790104,16.254502947091495,5.267965150886124,11.524068010513075,6.803352216111156,19.780671722146202,7.826932483354988,22.55248739560558,17.615671251201643,17.20038584302248,14.625845516934971,10.347703461494698,12.203989071524106,13.988089132217983,7.772719368304089,18.051084957980745,6.540746042689234,10.686004050064385,16.184194520599082,14.402483711911156,10.851834402069342,16.220218191833297,5.894658206391012,16.323217347064325,16.389614233707253,14.96749818915337,14.139089144219048,8.141235246292844,1.4321723135964184,13.008169044458834,9.911034982038144,8.05017773117639,0.34978974999649914,10.216855512216304,16.448808152063293,9.996246400726147,9.91966949647704,16.26632407558175,10.224548621964322,10.963853926595311,16.19080968809745,4.094520934535489,14.10211550787528,6.468045722398129
1,17.261249098307623,999999.0,7.817383332357001,13.453258272429787,10.627232487448396,18.835550808224077,8.093463234651137,8.164478780840986,11.429416582787647,14.26547060184031,16.920179267727935,3.9359010810327923,14.375628863445625,13.480304265380337,15.66835321933036,13.826524791328227,6.827700271789283,11.78220201616008,15.128227666115757,18.106160158469823,14.254235717172781,7.420219177602905,4.6133031451247435,8.523076513287762,13.299037937503757,11.565713437467908,19.485862004738053,3.8899799226152645,9.415595208198281,15.122720067856743,3.651340597379814,16.340600470396947,11.06836921396679,11.29770914337575,13.427072893146294,11.364116501386654,17.820480670508825,17.465297284919444,3.669515960073324,11.842390827670593,11.921510412926361,12.056662138128342,11.375623858394897,16.125670107017335,16.538681387569174,1.6897226096815199,7.6058290276233125,1.8911598704170052,5.295761905632994,13.132714735565598,8.884864200335855,6.419698706290446,12.33264078251822,7.7344730039649585,12.50343797296825,12.819952274692747,15.234549896880218,12.619275682843075,12.227825667791135,9.217924152789681,15.674219683202585,12.333236317620598,16.75629097422923,13.695807979253479,4.638849483812741,10.650060335206751,5.239068308467617,7.095962496770443,5.474639245952595,3.2777992256092854,15.120968167977594,10.099218944627786,10.726790693899273,7.825912843156925,5.795577961565958,12.935779272969075,6.541760544928847,6.932593468393784,16.383921702919906,7.202966838323911,9.272284622704602,5.751503907922818,9.819640579923515,15.315853985566374,18.68310429156084,4.695486772094523,7.420219177602905,15.063261856648023,17.593274911335673,7.1418850111900705,9.55874321651907,17.122242426181007,12.901319661573874,7.1349131311849545,16.471431813213517,7.602103054786094,4.935986864512187,20.391025413509254,4.292866161633795,14.549479603964667
2,11.305346854471676,7.817383332357001,999999.0,7.288533671728825,12.852517555537213,13.931380671202549,11.751984889008957,0.9807225739444213,6.84553755621371,8.502108645617557,11.569012468347436,6.782778829363451,7.715377991570039,15.308676924063676,10.460485699272148,17.28519485912926,10.017593103190016,15.616125752221127,12.509919114236983,17.141753197826763,16.047122482095965,4.848062762593077,6.53537734304979,1.7229110132781797,8.044541329333281,11.088676610446756,13.319414919791782,9.104556845728512,13.961501918108388,17.370393527767565,4.176054918964842,15.282718839038827,15.751119218369947,3.481655749231053,13.677612191453878,6.984852190960346,16.967790632570043,16.776098034009404,4.212576894850157,11.13870441000072,14.567619365440933,15.272849675511129,8.020906360785718,15.200426027582242,15.763061344517702,8.952944573792822,3.572376109028903,8.443754043314552,8.902329429297877,16.32224858974224,9.836939917064914,9.93526783270316,16.7913427407415,10.194699526357422,14.006225321564072,7.322354745507484,14.621648965539254,7.36739887920736,6.100942542281546,9.744394832137873,12.789099450162325,9.589296867495376,14.192995393627278,12.140472683618048,10.789080018674252,14.532609516223156,8.862682605818328,2.8093497706351314,5.983012425103107,5.1698954472966046,12.793968833151954,14.62490424747636,5.538722638239919,0.8332063020383971,10.558400996777436,6.576875979897737,3.0026591768868234,11.375892661086622,12.973495855917598,11.633085070295673,13.117045495512794,9.57680877992952,12.120271845954894,13.15178295235248,12.58738608564771,6.207625757709138,4.848062762593077,12.887438876559937,11.577757269204268,3.149811381381079,13.352006919815114,15.505975470847474,12.03242853817002,11.547954618109289,15.118974273633263,7.384037120951575,9.967207789945839,15.149204800047409,3.585382386403422,11.574073002318489
3,15.050231324389827,13.453258272429787,7.288533671728825,999999.0,20.139418436929166,18.417150992313104,18.960111466387776,7.914294381256554,12.909218391542812,1.333899659869283,15.970174826093952,13.766514636659405,11.382794492941914,22.555095096660406,15.212939750383978,24.567736318650564,17.224139584255997,22.867327586274563,18.735546388052803,23.732804151600302,23.28097463715076,12.062768804909965,13.65382984699645,8.409090434525472,1.760681147833568,8.842609370715738,16.40401606580336,15.877152653628526,21.103062209455558,24.628289317804292,10.417098918517482,21.93457921465374,22.902805754689,6.0742323216844545,20.748756467620783,13.138788768528926,23.606096125866525,23.477713009507447,10.60772328312821,18.13488102242358,21.855804435016022,22.55570093449768,14.491614331650975,21.900943605785287,22.483564025102815,14.988366232585172,10.726905687154716,14.716051200956036,15.99483265544739,23.608922936743813,17.109660648990957,17.099906643125227,23.989525415192883,17.464007717266124,21.243155423345616,1.2959183201540143,21.447184699471006,1.7220012005167076,11.099836935254068,16.991858604707883,18.85371384236892,5.684643317819232,20.290906169112493,8.33015662809603,17.413443768123816,21.76765666072298,15.949523014225758,10.06234564199545,13.223225829250012,11.845239176389716,19.126592784037452,21.78245879117469,11.580760992317108,7.9973481043408015,17.54444795672964,0.7477691104552542,10.2911720195336,18.460888581717665,18.722570312961594,18.729953651714542,20.334178779186388,16.678241753819965,19.408773303494527,19.524236946810312,15.899816150687897,13.344952603622081,12.062768804909965,19.277485788265686,15.189543230205262,10.391244222626366,20.57851134244745,21.936493268687773,18.93244147089257,18.644647557557487,21.67537753489369,14.653834258432415,16.857143265844645,19.13582241464662,9.516385761164203,17.724664570245647
4,14.326858180251111,10.627232487448396,12.852517555537213,20.139418436929166,999999.0,13.73544423449713,2.865012350775295,12.269450760637904,9.542873802943268,21.349707241005362,13.107562006628324,7.330218414348256,13.773033187664907,2.8574056220004462,12.116833113043356,4.570847048751075,3.8019138128971837,3.477246542598338,8.188384707315581,8.480690810960661,3.637952385820569,8.156387328202806,7.041334168818501,11.892307918446518,20.815594399546946,21.603528008383886,16.30113247613714,6.818017449822242,3.8291411201003385,4.683989856781783,10.860316111008967,7.135336232102088,4.703171378392494,15.010460563996213,3.743296590102284,9.267969789243967,8.144741789046869,7.709290616336065,10.564672498403713,4.378729857663668,1.726567774759626,2.6356753732643705,7.939830744064745,6.840094546039981,7.018531255815836,9.414141274998865,9.510682281708931,8.824450522411473,5.354789475106769,3.5557057130105503,3.0911435550938533,4.209971864103567,5.046429910002784,2.9999714575288396,1.982898587086375,20.12167619932813,5.867644385082363,20.117954524042837,11.858299136303177,3.359024929594147,8.84857763260822,21.44236483471637,9.127422967176551,23.436498285620914,7.055249442789627,2.920259757734437,5.412820717780993,10.089458911875878,7.08494537937987,9.35101153112978,7.806969019805884,3.9565735624614433,10.20895444306146,12.152923351342741,5.18308377055889,19.421652487492423,9.850812654621167,4.232650229946318,9.973362446242788,4.074262757697842,2.620732225462951,4.8799069200001846,0.8239016626681777,7.7123149908474815,15.57500467781724,7.253746234354421,8.156387328202806,7.5811317216961776,14.657284788566816,9.770326572510623,2.519141735932369,8.3035263694295,4.86606097039439,4.093304709956958,7.536637857442072,5.516522539357411,5.937266107711336,15.422076625978598,11.698769585844396,8.363340026202078
5,3.543572510484388,18.835550808224077,13.931380671202549,18.417150992313104,13.73544423449713,999999.0,15.537412387573815,12.966061482697066,7.5295638113357635,19.704055249598703,2.4616304441570267,15.169746101333873,7.0348568011060495,13.687302499219724,3.470931297356376,17.19649282849075,14.806103557728624,17.022989402658247,5.6504160526179446,9.349942075557987,13.877645237535061,11.447311714234916,14.442420707633037,12.23092145940169,19.98520780266384,24.91960947163978,3.719269367742669,16.916278766464973,17.415859693808564,15.193518152530352,16.117322973566957,8.603237405774772,18.432863377006793,12.609979371044066,10.728033931778118,7.537557907079188,9.492671123905183,9.728436465862906,15.894975041476398,9.386079772550012,14.769061247198387,15.906435737412547,7.518796943218859,8.83741980797482,9.248075015840033,18.81281958109851,11.623212595606047,18.018616922501426,15.315345108016514,16.297006964422536,12.081245935442597,15.180665287539515,18.603813186076422,13.927945474287547,12.826145785069476,19.255840814429426,9.318847698328776,19.53061634666623,7.87580438142381,11.549767070786027,5.036328962332347,22.900611306883775,5.491888597247579,25.6424422940992,18.326509173284837,16.652291265279903,15.336367679811557,12.415470457782337,13.448073604241822,15.656746386100611,6.136456768287098,17.662519448675152,8.578853043438775,13.213880143959077,16.663908340985916,17.74487391057184,12.840338955030349,16.455913054528924,3.8892625237007663,16.499897909902657,16.11622528554945,15.520785294616477,13.753301466613882,6.383305686149043,3.484680921011066,14.263628058025418,11.447311714234916,6.407575603595627,3.544384248305365,12.207109453823161,16.11354797132873,7.571688988209034,8.914299356713459,16.457995899968303,8.008189515872441,11.721017274450626,16.851973787857276,1.703632397688011,16.255739733802475,5.376559674410318
6,15.548582073466978,8.093463234651137,11.751984889008957,18.960111466387776,2.865012350775295,15.537412387573815,999999.0,11.357894755860805,10.095100907137002,20.08824514850878,14.522771815021713,5.368828160012136,14.302206386536442,5.55811679919348,13.404397597539006,5.885321027808232,1.736604746129711,3.967879179473899,10.275850623037792,11.285980279075938,6.297091247889993,7.5705338482585445,5.3309106044866175,11.140600528267361,19.42119859084527,19.4188697154723,17.667435069318852,4.204778272685955,2.3343706728702394,7.043526667298381,9.000789756032411,9.834136324874148,4.046550646630058,14.41829639966477,6.467265925882109,9.854760858317361,10.955245098231854,10.528803092079213,8.729805809973563,6.288011721801499,3.851005442983729,3.9958641457572988,8.805791374002139,9.551535605732429,9.786129726034885,6.731395272651661,8.84158649693706,6.224541344385933,3.1186507376504577,5.090143173336689,3.524569868213396,1.9073656205788816,5.039362601029371,1.8664373543814425,4.845810691987392,18.77197604717566,8.575088189858858,18.713250768800012,12.179620669468065,4.044027091743892,10.937774330785832,19.585527061554433,11.465842289181115,21.3802816183445,4.203732781583419,2.8309258642374635,3.1737831847300466,9.197569668060012,5.770859973298011,7.446604078093776,9.99010195013411,2.9279068790958607,10.404398905922495,11.170093565187312,2.3887155172905663,18.27758531210135,8.824335323913628,1.368832675761409,11.994578758355882,1.216969915578945,1.376883154208014,2.4774168665441976,2.2399048526341607,9.980637865918595,16.895231074870907,5.625445516525993,7.5705338482585445,9.8043939686809,15.89375728646585,8.929378227794583,1.635081881502468,10.934980032294117,7.076810026155543,1.23014004240522,10.178257069498759,5.132037907459188,3.20799549726227,17.241039008726457,9.901985099353052,10.220643785448255
7,10.393616200499944,8.164478780840986,0.9807225739444213,7.914294381256554,12.269450760637904,12.966061482697066,11.357894755860805,999999.0,5.869484585797415,9.17266056677493,10.615421855927881,6.634289190542841,6.865699471428805,14.641529585323111,9.495802721579963,16.756974575280623,9.637109857742606,15.153959775443942,11.561221478344102,16.24498664971882,15.366708948514825,4.1495233915426155,6.289613946352378,0.7426346256920767,8.804720837293127,12.069360198087617,12.439692441424677,9.025102871124032,13.615858588170173,16.716940882080387,4.525317379682765,14.392663543066641,15.389579034403463,3.290310062424928,12.89616275825096,6.013247462179837,16.078342962370442,15.897478523090369,4.496658767272808,10.323589784513327,13.99329557445749,14.747025415904218,7.081180287465561,14.318897113350612,14.886324745876632,9.154807574117262,2.814182822721345,8.581495282031772,8.63633436503711,15.777546275782699,9.213411840911334,9.59756779421816,16.386258386970884,9.72155174035661,13.328913896963707,8.066459751652708,13.765089620737053,8.14530077430732,5.160165621814432,9.08027688838744,11.829201970108466,10.530913048737013,13.237984336437542,13.10429851005439,10.748718162587716,14.095211148660786,8.601533970207173,2.189378756693751,5.607759171337489,5.260669072093809,11.85585437845335,14.263307067517472,4.558593958241902,0.34501387914928,10.343920401220469,7.182386984568317,2.536523961735296,11.08918463332419,11.999203294242129,11.33578020415751,12.706119912409926,9.2956267803433,11.56347996856112,12.218703900882007,11.696396723183183,5.952244833037858,4.1495233915426155,11.955658956003468,10.673271219230363,2.4996926517734694,12.929370049950414,14.584454962862612,11.18931652060824,11.251453837619252,14.21347176421879,6.759823815281519,9.814510914457559,14.201869192067704,4.100161607568399,10.617253662049514
8,5.949143130274073,11.429416582787647,6.84553755621371,12.909218391542812,9.542873802943268,7.5295638113357635,10.095100907137002,5.869484585797415,999999.0,14.241020538209684,5.4913816142188026,8.009986714988978,4.250366494313496,11.048707784444348,4.241003407371761,14.008491448236832,8.79564444836516,12.977753503479887,5.844524898772357,10.841414724207581,11.624479969728393,4.013522518590507,7.302556675530319,5.136567138800801,14.15962924055442,17.920307188963488,8.190329902014314,10.094898947596658,12.365359494707318,13.090647682138384,8.587763082507715,9.079136992671787,13.86117654831299,6.881094517037268,8.542918324102708,0.2863695205416475,10.731104294351617,10.63410299189559,8.366780204549709,5.938627272711693,11.138550399992335,12.167807357870418,1.7861387273724036,9.074381203840323,9.662729557207468,11.610726075764205,4.099103331555858,10.834085353095677,8.751166030856464,12.983042248884985,6.730074851427142,9.039630036741872,14.492669448302422,8.236202791485615,9.769282615247018,13.400551987629973,8.740937793414084,13.5707775128678,2.3891261526983607,6.298783462720742,6.028866750561421,16.349396033351937,7.460100127966309,18.962866733670445,11.71559287819788,12.186248789830202,8.754090760688193,4.91708632123279,6.256479023164649,8.191270505252776,6.218744304781192,12.840042613351539,1.3560311524084574,6.043260871883927,10.387624319465454,12.166222208048378,5.3177729677718615,10.561778441013688,6.13079702941415,10.701525840596524,11.135094765886809,9.156751283997737,9.130765296433124,6.615058701757829,7.38055162268519,7.063468833590672,4.013522518590507,6.368593270800193,6.294612217206179,4.689428523658033,11.251432523162917,9.027280332775009,6.444385333912455,10.635934474604833,8.784264304906287,5.157656447193509,10.318180544523925,9.003911226981572,8.747843153068192,4.850221812465471
9,16.313023444936025,14.26547060184031,8.502108645617557,1.333899659869283,21.349707241005362,19.704055249598703,20.08824514850878,9.17266056677493,14.241020538209684,999999.0,17.26266019205822,14.838587273382746,12.673425033890089,23.800850064150737,16.523374123859853,25.747173455630172,18.355316626036807,24.01586060471382,20.068912342569575,25.06107765034616,24.53257914110904,13.313111203285722,14.764706845554137,9.692397308634103,1.2263833916482676,8.413787144272938,17.61154402186899,16.88079510254572,22.196575007508496,25.868178906075936,11.401172784006002,23.259798489001344,23.99719954212955,7.407609014864787,22.038301235691183,14.469545692341224,24.93264199593162,24.801497543093138,11.610479746139431,19.432072203388216,23.060584241122392,23.736727718574908,15.816801857548064,23.22396830254881,23.805924382602605,15.846906906737326,11.986660599712478,15.624037243805397,17.085697016375615,24.797786007771222,18.33842204235624,18.213025238293085,25.104481280741286,18.63337727731327,22.492885955938235,1.4514840042481354,22.762649831655214,1.7285464939538446,12.430692475209046,18.235368222857197,20.187594492500406,5.123964017143464,21.62476818777757,7.5733418473971605,18.370544300775425,22.90642652645607,17.038724635444375,11.297016893345994,14.382512639045279,12.871531862364074,20.458896063354764,22.88145477490853,12.910722394182379,9.237315631998571,18.595101462818082,2.0748600623635935,11.499947329781426,19.539861725763725,20.05372412132302,19.812285219146666,21.46455722226821,17.76930503075603,20.608660645877045,20.856075821368606,17.128170586396966,14.463593861507762,13.313111203285722,20.608910609678013,16.443256229246572,11.630444023638226,21.713764533141497,23.268167509356985,20.24007441910447,19.727181552512953,23.00389157523502,15.884278610155329,17.884141979256704,20.390551955566217,10.486447438198331,19.058301480705683
10,1.5691138966312144,16.920179267727935,11.569012468347436,15.970174826093952,13.107562006628324,2.4616304441570267,14.522771815021713,10.615421855927881,5.4913816142188026,17.26266019205822,999999.0,13.420944194255982,4.589300009409028,13.572124206265165,1.2534890353317214,17.000980122253814,13.56423996839459,16.533572547984157,5.701342536402713,10.361577151794142,13.89524513892149,9.501311075150792,12.700415020126508,9.888750797733167,17.528609630540686,22.50158520615068,3.1937907391277993,15.356470184307026,16.579415994765125,15.303129391379898,14.002754670856396,9.21461654677414,17.785692786565605,10.148708146161574,10.613233638470284,5.56200564430323,10.429322529159617,10.56965168787361,13.79912211275965,8.75085839063029,14.363065050962916,15.495628347582164,5.925468699363953,9.387184748920038,9.891513069923338,17.051868977624324,9.499162790016216,16.26664447711425,13.857372223762132,16.038526621345873,10.999570769971008,13.894715501076947,18.12152764243104,12.785713975989514,12.539187121373493,16.79762013748531,9.632394657343903,17.07045993454518,5.476934905068906,10.478830275310237,5.263319481562715,20.445495465133718,6.2587502882791375,23.191691043923957,16.877177639010554,16.00936058034207,13.870821838957234,10.240905009598828,11.670177791438213,13.68072150613651,6.260100474283383,16.9127317553221,6.370311120135736,10.877988949071451,15.344619402798026,15.293202248364313,10.701835884377466,15.28721252504161,4.32908718671902,15.368980606243275,15.280275213741168,14.150077826137185,12.980534527581892,6.617035766755877,2.4932999490897343,12.48621578841118,9.501311075150792,6.53996820394137,1.7867334084468731,10.062791893687303,15.319888701500297,8.428979106978892,8.552195589933804,15.317282464035497,8.668113006837912,10.19658289908191,15.42460907597739,3.598673313788078,14.068443373545884,5.02108335980538
11,13.956257680306546,3.9359010810327923,6.782778829363451,13.766514636659405,7.330218414348256,15.169746101333873,5.368828160012136,6.634289190542841,8.009986714988978,14.838587273382746,13.420944194255982,999999.0,11.535914175767035,10.153566377090776,12.170847473248655,11.22855481422208,3.7069755305617034,9.335995472520587,11.209003538352908,14.249284386588537,10.939261741892585,4.106400290959067,0.727381489346403,6.651092657906522,14.113756614054195,14.273359921151926,16.19811258704762,2.4247248960658037,7.364999910011681,12.000774115330852,3.63385812646084,12.456202253640377,9.164570103216322,9.90572310066304,9.67460657205983,7.890604265469178,13.973792358050638,13.635323911079821,3.360984245413073,7.930206045894621,8.861997982144995,9.276340812938633,7.652089110470143,12.251990412917234,12.686557787185384,3.6440490910214494,4.835481021213783,2.8518040850775224,2.268804846955547,10.374965224506763,5.092670297161859,3.4615159232792405,10.300466011333109,4.330928534024357,9.03398129289112,13.486721384998893,11.384519903358212,13.404858906598717,9.29730167180097,5.366600489016352,11.766597314122127,14.23849779500947,12.825692163523396,16.12824755601703,4.174606671417849,8.193884904531071,2.2179229258981485,4.748132529652005,1.754490480878604,2.0806761812816,11.189774126050526,8.055237240123303,7.595760882159965,6.371384070366335,3.7924179357722436,13.11403575890147,4.225904208297663,4.701380239792489,12.514369682512108,4.974673351629313,6.733197968419707,2.946940106570229,6.507604505128791,11.380781366763468,15.388322910164028,0.9504184416224382,4.106400290959067,11.128869361237424,14.300197103794401,4.610947556948554,7.0009738425868155,13.203133739317185,8.992286150194607,4.889702740729977,12.564177949323339,3.6772273868930068,3.188167880198867,16.77844816820797,4.533255938090203,10.66336665146376
12,3.787084637595513,14.375628863445625,7.715377991570039,11.382794492941914,13.773033187664907,7.0348568011060495,14.302206386536442,6.865699471428805,4.250366494313496,12.673425033890089,4.589300009409028,11.535914175767035,999999.0,15.107210310890066,3.9517519817267104,18.192681462634738,12.923731007185149,17.220582257188116,8.543886895706347,13.710083481071983,15.625393730426639,7.452334105046897,10.892909409298673,6.2287579750336395,12.956035210485755,18.239663086517524,5.625951270309438,13.830797679265123,16.59238288586866,17.09621993590089,10.987778427996592,12.179424416186974,18.108259047557723,5.666361809687155,12.413210345979113,4.515826485668362,13.685915870783571,13.70215583263718,10.85619173927215,9.940331673717768,15.338451338955581,16.387624939069976,5.8608888928872975,12.25821407422081,12.833165748012464,14.921481565172076,6.82247972047835,14.197001452458652,12.68660379262599,17.170701247410225,10.978046996364732,13.126702374205756,18.74117439920974,12.43679000274277,13.866936560845762,12.23126890916414,12.168570098771278,12.515462875193082,2.2431629954077494,10.549120328594578,8.409336301277774,15.996538503568493,9.753185460639873,18.76646795614484,15.53421674622375,16.436608345790223,12.680579614879717,7.282236734188771,9.86005662859627,11.122520816986114,9.062409761532683,17.080028238731483,4.01385752433469,7.184066038522413,14.395307465050612,10.71046184878808,7.833934461083181,14.680765551178908,7.915661972443171,14.839865153089011,15.37434525016933,13.165268176389569,13.378716871732802,9.480200917744824,4.928746897309365,10.59912436852262,7.452334105046897,9.295505959704796,3.999783791822721,7.23968923971582,15.49594027960975,11.756492286888035,10.237042753698278,14.770223699793526,11.746958389294253,9.253710016341028,14.217116872719176,7.861224605248073,10.804367737475271,7.55733599311263
13,14.964033795384996,13.480304265380337,15.308676924063676,22.555095096660406,2.8574056220004462,13.687302499219724,5.55811679919348,14.641529585323111,11.048707784444348,23.800850064150737,13.572124206265165,10.153566377090776,15.107210310890066,999999.0,12.770894831022552,3.5159238495803407,6.658394432471887,3.9172133902946773,8.054999464996817,6.599166096145924,0.785696549279115,10.492351197233837,9.822030704984336,14.187582525172518,23.337426775000697,24.420531094853757,16.714977017090874,9.651341479330492,5.664576035315386,2.0909718065951424,13.630099036942303,5.765943830065546,5.656752504693612,17.146250018272678,2.974581446685894,10.762605488039261,6.25500029475444,5.796499289654899,13.330424338509209,5.167370694389204,1.9197899898656932,2.728090617259152,9.295614292238252,5.457691645239339,5.404029336772921,12.236193424060655,11.832759206463214,11.666049105266005,8.212181831042317,2.690185518584487,5.497972187968531,7.060713689306058,5.308854776416887,5.837289652864073,1.3236899484657687,22.625579210597227,4.624209190749637,22.64884989764341,13.43617009201104,5.565554363569273,8.651723827364298,24.16067474989083,8.467743076852999,26.2169102410495,9.746302061418136,4.221942824841959,8.270203839475515,12.504852914679125,9.760576029812674,12.14448194398656,7.551853618711927,5.443076499487956,11.957345294965307,14.563760639750521,7.940092301932612,21.823887474824847,12.33569478901572,6.907344456365911,9.798255356700771,6.705582520247733,4.83467627690288,7.729606930379709,3.675953992553975,7.313879221629578,16.06228936445896,10.011616638453036,10.492351197233837,7.279736229465888,15.26706702030381,12.170444553662586,4.608709815161516,7.037957892286251,5.048751942028371,6.741483584719082,6.3066533212030205,7.930866910232471,8.73153860055395,15.294245910450151,14.444190394978554,8.561824574264568
14,2.2148970960274688,15.66835321933036,10.460485699272148,15.212939750383978,12.116833113043356,3.470931297356376,13.404397597539006,9.495802721579963,4.241003407371761,16.523374123859853,1.2534890353317214,12.170847473248655,3.9517519817267104,12.770894831022552,999999.0,16.143368892213235,12.392088250104678,15.570447925971754,5.176442256190689,10.138983539115998,13.14597179207808,8.248886773818517,11.451121192173817,8.761529126545375,16.71952220023319,21.460309471866655,4.263951853508309,14.123070893476672,15.50405215953375,14.580709887721712,12.774627488978004,8.814339665791291,16.764406049358648,9.274925349435918,9.848248179098999,4.3086271840745525,10.16583323568109,10.253860366803808,12.566902880238265,7.807648108310699,13.44250619539923,14.566032447540444,4.71845654896466,8.952084634397123,9.490499120142212,15.80004667227092,8.269259701184861,15.01539581287737,12.641230906708186,15.162333683327786,9.880464676570856,12.711768631918458,17.15387898032818,11.6406566758686,11.679310461647496,15.978072922953588,9.078032302301809,16.23183040083663,4.41875333837526,9.366521709093373,4.85955646417787,19.500297011496517,6.05610736431068,22.226335579249948,15.658021656607513,14.996743659066377,12.653386099860324,9.025545964436567,10.419295264561544,12.43191698643761,5.736137381867814,15.862331339643413,5.160160543358286,9.745862064773759,14.151288777457788,14.516747339739863,9.476797806848328,14.127043321988216,4.133203376671111,14.217684146348953,14.210108379008625,12.94914934813181,11.942248214468698,6.127523972762456,3.4931109933386866,11.23497233837024,8.248886773818517,6.005216390592773,2.5408150253297164,8.838559133699029,14.262422500624549,8.176228698040166,7.722698713408143,14.163744906765862,8.307499269620044,8.977892406220846,14.211030510137505,4.797485691601493,12.860393739170368,4.34651294204419
15,18.351610937649678,13.826524791328227,17.28519485912926,24.567736318650564,4.570847048751075,17.19649282849075,5.885321027808232,16.756974575280623,14.008491448236832,25.747173455630172,17.000980122253814,11.22855481422208,18.192681462634738,3.5159238495803407,16.143368892213235,999999.0,7.526553753519011,2.06721244601141,11.555454808769221,9.727845534151065,3.488094336938201,12.685426089607033,11.113723935300426,16.414972598164642,25.149652211528764,25.275934861030244,20.16556109008809,9.967577931273691,4.542118478720935,2.729651800239297,14.8612750173187,9.176663791333556,3.4301593065544096,19.56722669607735,6.470091295317204,13.727680095163555,9.39540214736611,8.946337493347654,14.583541407198984,8.377996308269683,2.881223316472985,2.01235346957145,12.33179259795345,8.874084164016987,8.738599530158035,12.321056176817734,14.035669869628338,11.935446992680136,8.999780099377038,1.0265801027394938,7.653962208109379,7.7783656887672175,2.4389527295245452,7.117626886039902,4.46538583196533,24.476502880475962,8.098611593597258,24.445318233658952,16.359344565462642,7.927523515163503,12.160164597925633,25.46317729568526,11.973736734819651,27.26071381108976,9.43291136084036,3.1770970650162096,9.05562939792329,14.568284015665409,11.371327431277624,13.309168608804914,11.06003849451081,3.949820399336339,14.748226138354422,16.61979021221151,8.035590295395505,23.86152110221582,14.287594520870421,6.899753045616243,13.30856891676723,6.625761604491068,4.580989644017202,8.36234502505087,5.20508145030636,10.828438506957125,19.494267764542307,11.380059728003939,12.685426089607033,10.789771155278736,18.663834344643114,14.259819542510604,4.296707857929283,10.447417968261158,8.448796694910953,6.695966918247227,9.742462669718847,10.043797885301526,8.895527902957642,18.80885878516976,15.751580363391284,12.017777899984846
16,14.470312873856084,6.827700271789283,10.017593103190016,17.224139584255997,3.8019138128971837,14.806103557728624,1.736604746129711,9.637109857742606,8.79564444836516,18.355316626036807,13.56423996839459,3.7069755305617034,12.923731007185149,6.658394432471887,12.392088250104678,7.526553753519011,999999.0,5.675771682566144,9.863439403345753,11.678654307687717,7.436347066019831,5.938665490537629,3.6090857770521354,9.43998598747966,17.69703651465506,17.905367357983295,16.644377069255746,3.0783432897789784,3.9892754738101046,8.383476426345565,7.3361824722807505,10.056432318033188,5.752661076059121,12.728686875753109,6.851356391208369,8.576616168724588,11.36617715985979,10.970596364256261,7.057197889121,5.9661265620283155,5.2025779211947745,5.569456570287495,7.693774199754327,9.800308829878722,10.125180789459817,5.679705111845626,7.171950058247571,5.047957126584762,1.5620408401270298,6.668303676576057,2.817061323466323,0.46324862821188545,6.774661485163146,1.0464907401175239,5.687682618516976,17.043765261954988,8.846081329508209,16.989558589994907,10.74893105845433,3.331057423095022,10.506918059700968,17.945395528056597,11.234739771491965,19.810537902364835,3.7750319106364114,4.5531380937923265,1.620385613905,7.487969617840387,4.0394751234626485,5.785929440580431,9.66412280440434,4.6267512134027635,8.956769047334376,9.443484620714752,1.9059652221297858,16.5410639471305,7.101292423498152,1.7662814288443864,11.484056150193087,1.916512979773419,3.1102399603771667,1.1073459053133166,2.99194064247826,9.727443900702788,15.854537489283247,3.8961739602743375,5.938665490537629,9.518303412264112,14.819177026314952,7.22875345556919,3.3588407849261013,11.03672556101644,6.913369280023014,1.8465102921900232,10.311177194734533,3.6701209210551173,2.3815340103871394,16.50105472927139,8.22505556981667,9.639526383772104
17,17.783579166714794,11.78220201616008,15.616125752221127,22.867327586274563,3.477246542598338,17.022989402658247,3.967879179473899,15.153959775443942,12.977753503479887,24.01586060471382,16.533572547984157,9.335995472520587,17.220582257188116,3.9172133902946773,15.570447925971754,2.06721244601141,5.675771682566144,999999.0,11.395228378440898,10.515253750495319,4.288643150169445,11.181428608887524,9.28480453061527,14.869087476504296,23.371309803410924,23.265379540541474,19.726365550126634,7.942015125566057,2.4818497605272203,4.194773318044436,12.966255510856852,9.614541488197627,1.7600492795424836,18.091381808551507,6.467204020122452,12.707016384166836,10.171354473730354,9.712837958869358,12.696766304190799,7.782717050876864,2.283336516523768,1.2020140473437675,11.406865323407558,9.304861756408014,9.299001765731326,10.261513501783524,12.511019953027091,9.891308579595286,7.078501915006724,1.6788206005008752,6.333893244109252,5.875012960434898,1.5889936880717779,5.432499821853129,4.285680513871236,22.714494449064343,8.412256979772716,22.66412332639413,15.259689149423709,6.70381851863569,12.038775351302425,23.536316916947857,12.098411995222476,25.27725713677803,7.3657637693712195,1.1515849659183943,7.132496295633126,12.968966098137235,9.644723226186532,11.41216214319211,10.956676711114403,1.9299731738603934,13.568164918388856,14.991511293831326,6.003566412932178,22.174494156648034,12.643384292342986,4.873184741377842,13.185474484224919,4.59490362636928,2.607714978225463,6.4202608692917265,3.8588849719968383,10.795089313315378,19.012101208812417,9.569966319520107,11.181428608887524,10.706317114976084,18.111134031794116,12.677046506579678,2.3354237059681973,10.875567258457812,8.110651611417229,4.668378621377381,10.124683670185664,8.573975962829287,6.861534746423498,18.687899983028785,13.869247303942574,11.690343294922473
18,7.211242051528684,15.128227666115757,12.509919114236983,18.735546388052803,8.188384707315581,5.6504160526179446,10.275850623037792,11.561221478344102,5.844524898772357,20.068912342569575,5.701342536402713,11.209003538352908,8.543886895706347,8.054999464996817,5.176442256190689,11.555454808769221,9.863439403345753,11.395228378440898,999999.0,5.182548154718125,8.291822428418273,8.438688984029593,10.515887781103677,10.857015355452853,20.004130092328236,23.433949120158356,8.737115822286535,12.436801386161946,11.957675363363219,9.660193456616792,13.22916402933777,3.6652960421714025,12.853918383813058,12.677587651689693,5.085573351780156,5.636851482800802,5.143918075596922,5.163069242620548,12.950180054822583,3.987858708086753,9.130170281796806,10.265363655148954,4.496560645441156,3.7831558431110213,4.335110849141394,14.698419789022257,9.233347532481622,13.91453604768307,10.712682670234674,10.647940702080056,7.046411580031876,10.289740842219937,12.970105979381593,8.879329914611585,7.1767897825792035,19.245045629168956,3.933099567640962,19.414019167531908,7.772708247482816,6.536408443688764,0.6646623377828094,22.092105791574927,1.7147845176982275,24.641769169094324,13.591347705362512,11.08290010840293,10.746851066144309,10.127956415096872,9.69860775985752,12.309529494898781,0.5620505084301921,12.143116889667574,7.195480103307042,11.681228039816588,11.769286389637632,17.995327029753614,10.346597036898888,11.353702771629592,1.7917135098683763,11.348660088463484,10.67532065280365,10.753148620850942,8.305654569412786,0.9552669066483017,8.140714650690986,10.442568789667394,8.438688984029593,0.839205429751176,7.473365750886795,9.817595715904488,10.640688132166316,3.259056719341662,3.322697168836861,11.320040837711383,3.204838606037763,7.531777439945182,12.128008475732157,7.296429668667599,13.661025203326584,1.0232292458592724
19,11.930542332967965,18.106160158469823,17.141753197826763,23.732804151600302,8.480690810960661,9.349942075557987,11.285980279075938,16.24498664971882,10.841414724207581,25.06107765034616,10.361577151794142,14.249284386588537,13.710083481071983,6.599166096145924,10.138983539115998,9.727845534151065,11.678654307687717,10.515253750495319,5.182548154718125,999999.0,6.307550569688163,12.590416729432555,13.669069709632259,15.588195708401997,24.912885446630206,27.70512270553082,12.985251021499154,14.705672405149913,12.08163851506153,7.117859985964816,17.03157592912982,1.8741020021658767,12.254836420598874,17.722504602265506,4.845985890491097,10.601373532384793,0.34492276166853597,0.8028682043058584,16.73109086308018,6.39474285330496,8.414452931251649,9.326726076753966,9.252876738633695,2.018470933028332,1.5682805539536573,17.255161423595844,13.650042896269694,16.543315196213076,12.993935612510308,9.148324552844544,9.227069725717602,12.141450976640378,11.850021829900724,10.641523318975944,6.6095926603258945,24.15643717465423,2.8719660698057914,24.294174546682196,12.916217634549344,8.892004964460629,5.317090793305182,26.695368674097054,4.10728843839584,29.12292914099946,15.349731602901844,10.74478054153908,13.043704310838812,14.520386324989769,13.123855611243673,15.826603973989489,4.699840629597063,11.965904677711066,12.154030482079648,16.3100344650509,13.424760776267387,22.987160619640555,14.612527018479325,12.623260533337453,6.047539241645695,12.50196125317829,11.032215646430311,12.762868255618129,9.047820800011202,4.283102858505445,12.55963819532682,13.710920576366334,12.590416729432555,4.505733517110512,12.131422128805806,14.183419018686529,10.8693146723039,1.9650665689140876,5.347300924675444,12.509244621549835,2.057835687509343,10.843012071491149,14.049065079047809,10.605474194640486,17.63440741233212,6.19598418762571
20,15.321042872356882,14.254235717172781,16.047122482095965,23.28097463715076,3.637952385820569,13.877645237535061,6.297091247889993,15.366708948514825,11.624479969728393,24.53257914110904,13.89524513892149,10.939261741892585,15.625393730426639,0.785696549279115,13.14597179207808,3.488094336938201,7.436347066019831,4.288643150169445,8.291822428418273,6.307550569688163,999999.0,11.219929751314854,10.606112113860107,14.900265433827443,24.08193167215205,25.20590902276588,17.007570934613785,10.416468302174637,6.243340900645681,1.471086699533361,14.412671446691267,5.691336011285376,6.048556507406599,17.824719336160392,3.298027821566898,11.338113470706173,5.968367697252629,5.51293991539924,14.112693847949942,5.699580838701553,2.548005271360093,3.1561927979796858,9.85595162677658,5.390284838531997,5.252530866626026,12.9956483271935,12.55470838450607,12.433862090054784,8.99211368416616,2.8408352369400642,6.25703742044812,7.834718297434856,5.546555400660195,6.6223025834421945,2.04095151425504,23.367244645338488,4.646574794086326,23.395185034106174,14.013570246548674,6.3034030781733845,8.860129201160076,24.93600817024466,8.54944516269255,26.999489953351457,10.468931608263988,4.7553118108293715,9.050200094086637,13.240437688991367,10.53531503009448,12.929011277598905,7.767155024525373,5.958669023177367,12.575807211996187,15.295563952065194,8.684075376470474,22.547728909598582,13.082289558387599,7.635163722940602,9.994200134383727,7.42511093418748,5.502481024877692,8.502772613321486,4.458390046622064,7.4956082318069965,16.37651416438962,10.794024623447772,11.219929751314854,7.489081979746644,15.61573744161888,12.904205132409109,5.2624841578307,6.960724201538412,5.457789673814045,7.4643885364106,6.262070438359358,8.677970290302573,9.484465855769464,15.452595976924638,15.224283757324933,8.874161829277332
