,0,1,2,3,4,5,6,7,8,9,10,11,12,13,14,15,16,17,18,19,20,21,22,23,24,25,26,27,28,29,30,31,32,33,34,35,36,37,38,39,40,41,42,43,44,45,46,47,48,49,50,51,52,53,54,55,56,57,58,59,60,61,62,63,64,65,66,67,68,69,70,71,72,73,74,75,76,77,78,79,80,81,82,83,84,85,86,87,88,89,90,91,92,93,94,95,96,97,98,99
0,999999.0,7.597883950232894,8.676633626488762,13.685088232825995,8.860126423416038,24.801497543093138,2.1675394478369934,14.217622815569191,20.17139804784811,5.671207502753765,40.648597892573335,22.73062402474976,11.236442442636937,9.805567163012455,12.057275905260491,11.598976259049808,26.29688688685731,10.383317020617048,9.939086195616916,11.872682869817485,14.126775253377424,16.640139863890866,17.077796937802095,10.465771468870376,26.344906023435488,9.354462561314214,3.1396451605503963,4.840285944292779,13.252906994634548,8.863837532084194,25.63119540272869,3.4963842352499443,4.889974552043132,14.616477170703217,15.60043720025502,10.970596364256261,10.253860366803808,12.565965827723279,5.465792852280298,1.9592688157097184,0.8028682043058584,11.16587721926474,16.501627572496847,15.897478523090369,8.7917338683818,1.580728241007396,15.873949941158793,10.63410299189559,13.584604373289979,24.12309330988355,1.0144773937369713,27.22756320752694,3.4145454731614935,4.449820141168181,9.350017960800779,10.893253552852343,15.261755401722377,7.143694468239038,13.282715386713052,10.31113236171403,15.726984827128295,12.037621084312297,12.133370373406116,12.149978363055228,9.20634320518839,7.543369929329144,12.67697923033045,11.855779305159158,10.247568431694052,10.903721550904558,11.175644416551343,24.187283077285098,10.489371007810965,2.691437621253079,9.366213771445738,13.072487926245028,11.839602519396546,10.013778304281187,7.709290616336065,8.95959207526934,13.549460939200797,4.1210525594342835,2.5977147732354067,16.257556368881936,7.6326565856372,12.121459959991112,10.823367386229485,10.792289716889034,11.274673997723486,9.114439683647891,11.287031210094161,16.448753081779962,16.925786313917847,7.618180448214464,8.235255452803832,25.91692314700823,14.013419657498588,0.4585175751490976,13.73125504630882,7.153582846640519
1,7.597883950232894,999999.0,2.671319375481372,6.225768852373013,5.5521732446228516,17.24794207505852,6.039646935589899,8.844709226378603,12.657279274416892,2.3642450492734657,33.776116089569015,15.173540799193834,4.208818808779038,10.80569284734897,6.8292884413094175,11.637016592768736,19.11713993818311,2.7882587142650976,7.328751289132196,9.850080712388145,10.423307231114698,11.857127236295387,10.285594459368284,5.120037967104361,18.83556729358872,12.598087155439092,4.550068547925345,3.649727798026648,6.255886112947994,1.2854178938460874,18.04677612005878,4.313403549975586,7.710330884407558,11.669068149928496,8.335616634669876,8.166371321322549,4.443167411540555,7.0763782668689155,2.834840225343619,5.757637225329702,7.815451929141571,11.422783849906446,10.36743260400318,8.587852181980558,7.245529620975022,6.04001273434859,11.52822753386939,3.0362316172266457,10.53584316669798,16.58598415837988,6.628665624914288,20.449954947372866,4.243187342375366,6.609393736152852,12.15807531532564,5.113910292580039,9.56499797114929,9.749099082262354,8.474260273381645,10.403680596041285,8.990376377296212,7.3705803058290345,6.645601082655364,5.535963968580477,8.360269604463003,10.830775683450819,8.848808612018155,9.296131560325774,9.779552118461366,6.539560507190359,6.464220538031535,17.038504560327457,12.497605343929738,5.094603661982054,6.823533936601466,7.9957840073572255,7.518610704780972,6.687344300827317,7.6853520253704115,4.762241696327705,6.1117668194764825,5.828407379680926,6.405830530463179,11.920835349706715,2.335695591282076,7.8041224012798285,6.286007307428342,5.895029275766079,6.503008958679337,6.850904226010894,11.07729434681563,8.873632817628186,10.123831227837492,10.60850769028072,3.21389011140129,18.31942935304281,10.293653965338834,7.698178326552299,6.348059749798113,4.680783253993743
2,8.676633626488762,2.671319375481372,999999.0,5.354296025174403,3.2256492895745974,17.108142420549267,6.693137465235446,10.915172285526014,12.747530423189515,3.0753790035796675,32.02344491030542,15.054982761191148,2.658464680860159,13.41662546106605,4.204808680609804,14.301688964717057,19.65204377510518,3.4422621126004516,9.979293216888548,12.49201244812886,12.861273816181011,13.990451384429667,11.479573618184196,2.4645943466351468,18.815091464543105,15.018973525013298,5.569753276348109,5.866392092857147,7.565953674716338,2.880846555265326,17.740975787010896,6.0137696846768645,9.954914114010606,14.191570993364877,9.12661263099263,10.78599390992323,1.858193615913708,9.220667108714792,5.148523805699579,6.717365792317167,8.650992995208343,14.079768464091076,12.009030945237805,9.291942493454865,9.914947910093424,7.28887713370961,13.793313151437491,3.499141188445994,13.070966909855288,16.51613504305048,7.8487460098994974,21.361294337300652,5.33583255937399,8.83614641691991,14.624879209048128,2.5564477913223786,11.465086842272582,12.163671071179557,10.745739351193668,13.057802682428408,10.306683488923985,9.740708934373037,4.067510518435737,7.2614624075513445,11.02435305594565,13.192563443400898,11.319277205695114,11.910660424243607,12.445462475683978,3.880381394731922,3.792908096869596,15.512066261636486,15.057318438343442,5.985207163677874,4.5177075927600026,10.21624784805112,4.849250461215719,4.186842360689821,10.292969740811369,2.288345051775829,6.787104549736422,8.000631518386784,6.758903620463474,14.175577531141045,1.0450285934001322,5.133510385881229,8.752115763846266,8.309580021033277,3.8324409578652348,4.627421543813469,13.744618391132816,8.303681130330675,11.318009133245019,13.004909132987926,5.837941121160471,17.85371399627045,12.732785047084544,8.637886674105998,5.2855810273235235,7.332440923579103
3,13.685088232825995,6.225768852373013,5.354296025174403,999999.0,7.629182413926502,11.818461766144663,11.872416579854772,9.585209604540173,7.658380758379487,8.045524628035801,27.70427646843849,9.79072727485843,2.751628450466557,15.822680485558942,5.585620107298411,16.083733929641514,14.793102000278965,3.711433925237122,11.309154869884196,13.451645083711648,12.5284696819483,12.445642697768104,8.025104381740693,5.285255745846426,13.564358341996854,18.205679051528804,10.552364466747232,9.801759216462832,5.310314744092782,5.1152389109419785,12.402041156451935,10.531996067804974,13.706968430522181,14.14117735710192,5.340464594847063,11.713353739710843,4.749798206826436,8.44654035648482,8.97247718789669,11.760625363182436,13.785003828059219,16.0122964184501,9.414415796339386,5.317005292547153,11.888856868943497,12.173668013869003,12.696137540746516,3.4253113861447484,13.191452580790651,11.260346333183092,12.760070064789133,16.895494569502844,10.270835985820735,12.65311131121817,17.6685897960322,4.6431530666994165,9.580423170015099,15.446920460008737,10.065487382348643,15.08680731110845,7.284867191383902,9.586757966455764,5.14795704785465,6.046980487322687,13.034528292136098,16.593648500482054,11.317716340933824,12.669395673403637,14.310158017636027,6.6763116038701495,6.223961611851778,10.894804752999704,17.6989636800611,11.045485382979127,8.647404352694902,9.463379732961352,7.020457182895616,7.861094101264873,12.897856458597076,6.699335477561657,3.6045715285200917,11.93466774917159,12.035012990073565,13.005465573421192,6.3242574907153495,7.13406669169347,9.172400107040046,8.63218279640656,6.152765132163877,8.900790414987076,15.490580739280459,2.9637056176134524,7.88647141277445,16.315733691707106,7.779508760788098,12.49942695582392,12.419084478441937,13.721580924702776,0.4444926901375462,9.902646953371034
4,8.860126423416038,5.5521732446228516,3.2256492895745974,7.629182413926502,999999.0,19.378813573042045,6.6926786152831275,14.13118323708426,15.282539762119026,4.552242679768799,32.20443196349211,17.382852277140433,4.97880664354153,15.66747996223333,3.445418168778465,16.798567860259045,22.369777421664335,6.625891462701386,12.795061093203524,15.32277672467822,15.960255029362775,17.201784973323125,14.584866046285148,2.4414169916956117,21.154018900641788,16.762543827120407,6.25627979143243,7.786354606953469,10.743765689601986,6.066552646029262,19.86050718836832,7.331663345877728,11.558906225158864,17.22112572413889,12.127013220989184,13.680291959350619,2.879955514159997,12.42164204505039,7.281783269105369,7.0677234644195615,8.543334372556311,16.521963918278708,15.214052466288129,12.25332487513131,12.517345349512135,7.871188326459414,16.974092105981235,6.646537928798479,16.08725063456408,18.853122546262185,8.311939293039037,24.27767846005092,6.16574573890692,10.482250263372112,16.47508857581658,3.0965311776131044,14.690722709794409,13.969356638284967,13.91901756116467,15.495045034274739,13.456864794626817,12.872479278644331,3.669206305575096,10.48626708432732,13.555704448206024,14.86578613669737,14.393746763142135,14.811870093620666,14.97365983254684,2.0833793234554965,2.4440319146612075,16.312999556604108,17.126416863621305,6.420960358340597,1.2961447893620295,13.403012374535647,2.9798680038131895,1.28269006504281,12.597839127566434,0.9946142474743414,9.813530989417046,9.633138074763723,6.38795824588396,17.360014094224216,3.2172679433456444,3.2615835532397397,11.8261165105951,11.41430462120751,2.5548507360478934,1.411014803384225,16.27342222353472,10.532955782905525,14.424950201369994,14.749741577914993,8.7503449874202,19.826721878364605,15.830864024532453,8.65780020803912,7.404170758201799,9.876864041687924
5,24.801497543093138,17.24794207505852,17.108142420549267,11.818461766144663,19.378813573042045,999999.0,23.268167509356985,13.870725815301446,4.670608798554839,19.45415498355556,22.07520958238679,2.0748600623635935,14.567719199998116,23.414538275638726,16.727189748079947,22.71278621965437,5.123964017143464,14.469545692341224,18.63337727731327,19.539861725763725,16.91015385454225,14.615338929625127,9.411880418000969,16.96090392579468,1.836953984392313,26.549867962467296,21.7980071333666,20.24007441910447,11.986660599712478,15.964913353026624,1.3079162257927772,21.36353895609333,23.36804237074917,18.370544300775425,9.521592338930107,18.355316626036807,16.523374123859853,14.382512639045279,19.476180732227157,23.00389157523502,25.06107765034616,22.88145477490853,11.401172784006002,9.17266056677493,19.83117329647078,23.22396830254881,15.624037243805397,14.241020538209684,18.0592589416273,0.7686589579487275,23.805924382602605,8.413787144272938,21.490606606084363,22.53219764978044,25.8748575876744,16.301706985090558,12.871531862364074,24.288788585704456,15.117741861387314,22.293723609254005,10.449000304995984,15.698224167012741,16.313023444936025,13.313111203285722,20.706733039033537,25.43762816691995,16.776207379358077,18.722342945874928,21.46455722226821,18.097299774053468,17.606851297628154,9.216796690498413,25.315499350210178,22.340846995243403,20.28258839254948,14.764706845554137,18.120217368201708,19.414627984128995,21.349707241005362,18.485473665306305,11.285052423036786,22.038301235691183,23.557963627451226,15.645069117272474,18.009826974071768,18.124702133893674,16.271925405970432,15.902647036442888,17.51204664189214,20.56508296495454,22.196575007508496,8.863058738176312,9.484779871748986,25.07384964488167,17.146962602661002,2.3483867182304956,16.88079510254572,24.93264199593162,11.991959634336732,19.087649146991108
6,2.1675394478369934,6.039646935589899,6.693137465235446,11.872416579854772,6.6926786152831275,23.268167509356985,999999.0,13.659028946533645,18.69442854491569,3.8432538592851397,38.56073047859885,21.193329843106753,9.314648203382443,10.856414734916333,9.907582364167403,12.480917331100198,25.090307108883483,8.800285999421314,9.990985755623774,12.206457235893797,14.073647094434149,16.324017980928414,16.041525759519413,8.343897051913547,24.87119492319344,10.958892367460336,1.569886854672167,4.2279569348671995,12.084439501338771,7.324432873243467,24.034255847969973,2.789424719013068,6.00693155123777,14.795795746373338,14.313937875313309,11.03672556101644,8.176228698040166,11.921022948738965,4.569110364668414,0.7677260910561611,1.9650665689140876,12.086668914929586,15.725333375694566,14.584454962862612,9.050157242767812,1.5804334795374229,15.677155001017361,9.027280332775009,13.701496775837493,22.614755126896465,1.773181311133425,26.24571630069816,1.881786306470285,5.213272188745805,10.848083649360268,8.796871757078973,14.61973374681228,8.459842260839594,12.873017214142694,11.144472136244461,14.702365912400355,11.622584545212058,9.996246400726147,11.115253185513993,9.703255035959877,9.073990910077631,12.535323595764416,12.038594820916463,10.923389488522316,8.737676058995325,9.014806060753981,22.18533871321435,11.834645965943357,1.0091270004186619,7.225852629159651,12.573502670153257,9.672077287287905,7.852541031942853,8.3035263694295,6.807229863156086,12.140445610173073,4.5695908280934825,0.7728999748802325,16.072071533395626,5.651377448997568,9.954107047660726,10.384445919262125,10.246701631186514,9.11479119884922,6.984306741374855,12.088699412976615,14.72002909136878,15.883852877065774,9.074303143530875,7.429892739357062,24.258296356000127,13.951912451515083,2.0010158626655907,11.878353568932582,6.9118654003564295
7,14.217622815569191,8.844709226378603,10.915172285526014,9.585209604540173,14.13118323708426,13.870725815301446,13.659028946533645,999999.0,9.68063306786357,10.945526709675152,34.66944459205069,12.156041033081303,10.303406969063529,9.679476722922269,14.069254903923651,8.843756580182912,13.308245270657023,7.712984262865912,5.204800764580366,5.67028039982592,3.306510917721523,3.082059496857822,4.459335518527025,12.814710952099631,14.81293495770181,12.941346360602882,12.132752823719985,9.489143117039417,4.277343415865596,8.07320718083232,15.079929574866473,10.94326796839944,10.922044510322753,4.953495582656535,5.473103332929636,4.6460627927223035,12.021037832974649,1.784410378588109,9.093919678374181,13.048952861792529,14.802009607360946,9.025819654006943,2.693724275360959,5.795374733859363,6.569506858261285,12.790903760373258,3.116301457443474,7.800024029755989,4.330493558837938,13.102136593749519,13.249530470504613,13.435985264710936,11.843768347585211,10.458762761047899,12.240659332056145,12.4437967950172,1.1593574094707717,11.067646155263525,1.2845377438733352,8.504029595068282,3.6005030321591263,2.2883041692634385,13.70546206598688,3.7955032412050485,7.1783512655640775,12.130385473128632,2.9089944999369357,4.860636412443936,7.695141222717494,14.4703496319661,14.198905398377025,18.39399600355223,11.528445067449757,12.66596031537232,15.426923913667881,1.1812579464494422,15.252507050557,15.070820594717803,8.191812918779418,13.202388504149827,6.02771558060571,10.336544215573657,14.289470997240787,3.444049554939404,11.050810115569256,15.478797212073934,3.417335728213562,3.4325384272149484,14.18674434749812,15.515258006058419,8.335431598949576,9.720399727283963,4.392666917842198,11.741431613882265,6.262082920054714,15.838691453597027,3.235413996352272,14.538381623394088,10.020361750352166,7.100134861538472
8,20.17139804784811,12.657279274416892,12.747530423189515,7.658380758379487,15.282539762119026,4.670608798554839,18.69442854491569,9.68063306786357,999999.0,14.911456525528168,25.161197964065934,2.6541711885827226,10.336550093465606,18.980745279115173,13.015287975739126,18.42890043427975,7.20332086511346,9.9016420205353,14.148819007645665,15.27792483290818,12.896876029551558,11.033676405082527,5.333863141492867,12.93867332746957,6.179226003038766,22.042815019495894,17.20139677993126,15.576028105614082,7.3389960105578345,11.371861506773522,5.6716356885056545,16.717717454522603,18.714151182062288,14.464224763641072,4.88498353578102,13.962294392590817,12.40276059087113,9.933625991901557,14.817663244776973,18.400214005515316,20.45419774518215,18.55762893142293,7.5144217461941505,4.52834223244337,15.293794472319917,18.59166846936406,11.900781723512472,9.688618785676079,13.991180390265272,3.961564181556093,19.17089131384445,9.68197047853084,16.891346917811465,17.86711253514634,21.380625346265827,12.290700801373857,8.816285512447418,19.703863303269657,10.860738825323367,17.902225732780767,6.105861962494455,11.289132700762085,12.580768569306333,8.677856528448642,16.2182807023108,20.86087786262356,12.529369170307925,14.44104426027127,17.065996302577332,14.256819251447023,13.78362322378987,9.753328065808239,20.903211137816676,17.75037097650383,16.301201955564473,10.440316835742223,14.455071211964224,15.49523368598103,16.777456704335354,14.33961607138675,6.629872990622674,17.36812496285987,19.018769259229515,12.0046376040758,13.589077950131992,14.513513147015727,11.75036421341565,11.35028780825491,13.70103258155792,16.558086609971472,17.888323651827786,4.890356488527722,5.358057667996431,20.503816225342646,12.478987510801488,6.262075545666689,12.847623856385272,20.31538786489362,7.92047644594481,14.436488236751382
9,5.671207502753765,2.3642450492734657,3.0753790035796675,8.045524628035801,4.552242679768799,19.45415498355556,3.8432538592851397,10.945526709675152,14.911456525528168,999999.0,35.09541855741938,17.380121202126528,5.567599868471238,11.116405046888529,6.9658581855148896,12.290114931457643,21.46413864776764,5.0126665228971365,8.54584261123283,11.044812729470367,12.132224867939376,13.8747811232469,12.642315785174954,5.22724780819548,21.078992948789583,12.3059998323942,2.533363345532315,3.235052364711212,8.61558564817915,3.6036486416171263,20.201566317538507,3.001819480456528,7.131693337887111,13.205751055330737,10.688483509252137,9.50800077120876,4.822358893061189,9.161218723855907,2.7628691993709458,3.725099716322101,5.739488578953173,11.998227536322942,12.644211370086321,10.933280134503201,8.092059768642901,4.229195234352788,13.433996021119235,5.223275536489124,12.064310988503001,18.81080647650968,4.799095008288231,22.81349934860003,2.277335375988856,6.0268347788263785,11.981088596966186,5.509940783102294,11.750701461821805,9.479838764772998,10.423065159955154,10.973555534072197,11.339198510593,9.239703650561374,6.928280257876177,7.840803325708858,9.080122494774464,10.429587090398256,10.537198643255223,10.626513811112048,10.485997859427025,6.179581063323231,6.286501221339062,18.538897063666543,12.58491507232648,3.00297241661646,5.640896732275878,10.000984554881411,7.202115488122056,5.829293013270202,8.058538412509948,4.125417436387994,8.437248469602473,5.173805362687247,4.107712859192921,13.832064935031996,2.0662063659967824,7.502274727596701,8.059239436652412,7.758202220134034,6.361303224563127,5.560341230412154,11.778787650112367,10.877270352963675,12.480856733679818,10.284794636933382,4.839671078248657,20.41626626784686,12.00305798158895,5.681500622124363,8.071489209687686,5.46988048522168
10,40.648597892573335,33.776116089569015,32.02344491030542,27.70427646843849,32.20443196349211,22.07520958238679,38.56073047859885,34.66944459205069,25.161197964065934,35.09541855741938,999999.0,23.08337760327257,29.633524514658948,43.188986432468305,28.779063977779263,43.04896040736031,26.133033010882777,31.415670343050873,38.39448483150908,40.021216767833344,37.95759536067775,36.18658524544375,30.479690546212044,30.229490463981804,22.273387649210846,45.82853779477446,37.58528595139229,37.42140530764774,31.319533273508515,32.78211991153985,20.781058386432832,37.943945182743576,41.40231781895461,39.56627694009368,29.303454209403256,38.48585833229948,30.39512521609626,34.52061608640766,36.597949547565136,38.6987679498466,40.5165881883651,43.088134787636946,32.67222583041557,28.953292562921067,39.255803861778176,39.31005443471005,37.06064713545758,31.129483305253686,38.99601011907738,22.729114864736367,39.863740510932985,29.184221076103466,37.358446051772425,40.334473430730554,45.25500926770293,29.764151012699816,33.91482176563797,43.12127011853727,35.742479248114364,42.280591510784,31.077630527371372,35.89567276721911,28.62460152702931,32.59902368854,40.34405800857315,44.27733592829096,37.373246714406115,39.17556732007514,41.45415720446053,30.139684794112828,29.76095265161295,16.82589566530029,45.11762058467854,37.969962663861544,32.24630028311791,35.242877592409734,29.399235185729452,31.35302175442111,40.4557374080544,31.838349130122687,29.812874194809012,39.588399247793035,38.43830932992148,37.16503088155053,33.054738793195824,29.176284888397603,36.00293217415905,35.50469886928616,29.650860802427534,32.57342245531707,42.47204602664198,25.75023467247936,30.490728832192495,43.987097841553236,35.405516352296154,19.7337048663672,37.896059052021464,40.55654982476356,27.497490442503704,37.55032932714303
11,22.73062402474976,15.173540799193834,15.054982761191148,9.79072727485843,17.382852277140433,2.0748600623635935,21.193329843106753,12.156041033081303,2.6541711885827226,17.380121202126528,23.08337760327257,999999.0,12.534234032470168,21.57998804129657,14.823743769266875,20.965917652010507,5.998765107694459,12.394714620331477,16.763900545298455,17.801271633372213,15.295652846733766,13.197061600635127,7.71797443459048,14.978009696284717,3.773946925040471,24.669313952758827,19.72360636792367,18.18520453543116,9.993023387815368,13.890765772878888,3.0189939664596888,19.29736930072547,21.366034354878447,16.814196481834287,7.538389125693656,16.5410639471305,14.516747339739863,12.529898122849614,17.41675393561402,20.929845722399666,22.987160619640555,21.111987451542717,9.815686300507762,7.182386984568317,17.927581679343668,21.1537054812192,14.145442215601035,12.166222208048378,16.420325046748733,1.4705343483263003,21.736220497433557,9.043170850563225,19.416363714799203,20.513067325945745,24.00269152193386,14.31986959295997,11.218508128490868,22.351581633080887,13.372668072302966,20.48413359467158,8.640710057532031,13.870931656756536,14.402483711911156,11.331837563671648,18.83612214790738,23.506928253864295,15.040701471780059,16.971824077973434,19.650096565858203,16.163403489513147,15.676183385892184,8.800662921150003,23.495246431730703,20.266180883443838,18.316522145724665,12.982711957527961,16.23463073641982,17.462994530487418,19.421652487492423,16.476656982166624,9.227221691007227,20.004713445256712,21.484500102220093,14.20580687156386,15.948032591510852,16.254536758892314,14.37681391038812,13.986663015922606,15.584360746585835,18.592946111051873,20.435371457541123,6.850699930820607,7.770107745003272,23.148206253986203,15.122307901669933,3.682974595795028,15.256191008112728,22.859747643934906,9.982065347105461,17.089366541847784
12,11.236442442636937,4.208818808779038,2.658464680860159,2.751628450466557,4.97880664354153,14.567719199998116,9.314648203382443,10.303406969063529,10.336550093465606,5.567599868471238,29.633524514658948,12.534234032470168,999999.0,14.747794596099846,3.7733118659383496,15.331316950333898,17.392926083375404,2.7597065153324984,10.686940571457193,13.074436671106394,12.800161843312825,13.351448577472105,9.860064339849243,2.8199294488640083,16.306474850209906,16.756248251446515,8.100816568989645,7.845771509908662,6.33062712204186,3.48591641495031,15.150784235538126,8.314257309441706,11.919141558149745,14.299074525599652,7.283983382294983,11.30976202100904,2.13569283442143,8.817161604921624,7.039914081209621,9.283589476965215,11.260641913893037,15.181905527938808,10.813329079524024,7.370840721823719,10.956488346966514,9.78678292483316,13.37169945844507,2.5843958706883092,13.241925159671961,14.002637398119614,10.362307646627947,19.325240949097783,7.841686336149141,10.817031106758156,16.288196773022253,2.2766096011863644,10.598639748456804,13.91974354744418,10.451347926059032,14.193272972219024,8.857795227212918,9.67456554714625,3.402138046791757,6.509390839514321,12.112001199049917,15.018623903460961,11.384880692201733,12.37783513669089,13.487120223314804,4.419817322619037,4.051007560572122,12.98633610956731,16.525832617914947,8.55496794094851,6.093850974138827,9.86626822037678,5.040629333367049,5.4053374263043255,11.672279200279421,4.013744218699262,5.057634425328887,10.028252010813164,9.41085258251488,13.725322978266941,3.6762370752736344,5.237055538736993,8.938253104956068,8.42230314996507,4.013813432977198,6.316289175343781,14.747863563067229,5.715084012083325,9.705489707334173,14.784282793117725,6.676434466468863,15.229262520021447,12.678266291419629,11.228245205232005,2.637937309771013,8.60682468674705
13,9.805567163012455,10.80569284734897,13.41662546106605,15.822680485558942,15.66747996223333,23.414538275638726,10.856414734916333,9.679476722922269,18.980745279115173,11.116405046888529,43.188986432468305,21.57998804129657,14.747794596099846,999999.0,17.61762337366767,1.9708236385802194,22.917097260338245,12.266250207236935,4.857370352928606,4.259332872423987,7.372686617045207,10.39282345789315,14.057846773492312,15.880057021065447,24.458147634543316,3.334437128609772,10.099123895247416,7.889135452023172,11.951743811324482,11.263377581999865,24.571396859794845,8.649166662401031,4.928522332385105,6.7879576685895575,14.210773360348043,5.0669841133285045,15.23998988481614,9.05045978950236,8.406430734445651,10.097400330645401,10.608147946135187,1.4950351043432455,12.348917278641961,14.576642909675463,3.9497589134463884,9.299468682482319,9.284765394337885,12.5336222581718,6.274141635521953,22.648206502303914,9.332771920706017,22.650347372128703,10.01554509040261,5.64830868637625,2.622160471741621,15.91768094660903,10.794913340665838,2.859979722197351,8.395840357808577,1.2381407648220435,12.965651145697521,7.716644087782042,17.449201987674524,10.628650119797753,2.8453599987617455,3.2678923486907556,6.826204768612526,4.923681619762712,1.989036056216508,17.148508489977594,17.157424786505583,26.42371837868088,1.9386997303289253,10.304283899061888,16.733824853217076,8.67523056619008,18.16473747651611,16.940876882125792,3.1237675236865172,15.159200017999316,13.378962281960392,6.371285656355242,11.621486117840293,9.541031122775081,12.759651583086022,18.46106270137383,7.280967669760454,7.740947424709377,17.21097508747811,16.623446708978932,1.9509889037132286,17.4423486018627,13.967056721470064,2.9177295439970288,8.11727227034533,25.239807358043667,7.32885530734142,10.263281601539163,16.129035518078904,6.155107965560682
14,12.057275905260491,6.8292884413094175,4.204808680609804,5.585620107298411,3.445418168778465,16.727189748079947,9.907582364167403,14.069254903923651,13.015287975739126,6.9658581855148896,28.779063977779263,14.823743769266875,3.7733118659383496,17.61762337366767,999999.0,18.456230404471437,20.215974912062,6.420666583931218,14.007179701929058,16.480994955646487,16.473289216023847,17.123000724275897,13.447088266152171,1.7602144468174097,18.545630156217786,19.183041008663476,9.186754199424634,10.01737002617641,10.086044026158275,6.670503098525437,17.065078452501236,9.96425317403724,14.063100997398099,17.924587590990633,10.796165223439118,14.7369921552104,2.3877525119878085,12.549036819717594,9.332499947185418,10.167170651919088,11.826731587184138,18.249944623458493,14.54251502557416,10.82411097042826,14.05634530357524,10.894638963692937,17.12385165736885,6.292781542901472,16.839604739428765,16.27641070955887,11.39458434741558,22.450303892094002,9.024666735597503,12.947831823220938,18.807142596430502,1.7490611361701407,14.370361041983383,16.33203493770305,14.171172020101714,17.23219219714979,12.532451695409602,13.330618258694487,0.43906487165479435,10.27376851598613,15.18231022812852,17.33566818617597,15.010455112454812,15.84077406816713,16.59757730650917,1.4959963986674376,1.0289652174446575,12.910135206315365,19.261189436202827,9.466819852399606,3.816904253012215,13.594215751346347,1.4447118031354331,2.8715837046672577,14.4938898322122,3.1007189418536623,8.705827867332948,12.100278315839343,9.7022855405741,17.48191843767543,4.982218094907329,1.5504019063814432,12.498846533326402,12.005354064789799,0.9155707963959394,4.1418390076232985,17.891061755845623,8.125771770145745,13.298451318680197,17.16367979204208,9.867935140997966,16.915553872756146,16.348934567902543,11.905214764331653,5.221204731594196,11.510030603438096
15,11.598976259049808,11.637016592768736,14.301688964717057,16.083733929641514,16.798567860259045,22.71278621965437,12.480917331100198,8.843756580182912,18.42890043427975,12.290114931457643,43.04896040736031,20.965917652010507,15.331316950333898,1.9708236385802194,18.456230404471437,999999.0,21.823758710495724,12.706399215266394,4.777212527272904,3.17348785410031,6.092527405796342,9.033235001617374,13.301032567486082,16.75704161972292,23.636688764101336,4.918777316510662,11.579898764306348,9.137044342047947,11.732680900379277,11.89656414297712,23.913809199322298,10.087470496150567,6.711668131605768,5.193391041021228,13.816559035934873,4.563180028825787,16.068720796297193,8.569664382826723,9.5293721030567,11.714192597544038,12.39774918190914,0.4760448652165608,11.41509584010338,14.177423445126795,4.402632049188992,10.959083717283804,7.896782946757114,12.955069832992358,4.922442148299716,21.944131682773563,11.05105539047048,21.326012982999302,11.45975300590573,7.285832964387114,4.242340342345992,16.72263167265387,9.884088564361269,4.817563430612724,7.598046586643137,1.346080069563886,12.330776342313062,7.189907015252291,18.248178294284617,10.480778938618068,3.2773409383408207,5.211590051983706,5.9365836976604855,3.9943895715023205,1.8587276654187201,18.128473361018344,18.08908212646414,26.395470404493718,3.0243312902775075,11.844448591502061,17.92994246296046,7.989184875965936,19.128506228616853,18.051249853570003,4.285492578911459,16.20502694416157,13.3055339262655,7.920707634384149,13.252851553529347,8.101596546615355,13.7537919949343,19.419213146315304,7.073699834755418,7.591900576556819,18.13251025766924,17.848229912351815,0.5931784319512704,17.399662702958434,13.229068128335717,4.87517927772634,8.663579666667367,24.647155130295936,6.077230759849641,12.053347575469852,16.42676325060086,6.9775543879565065
16,26.29688688685731,19.11713993818311,19.65204377510518,14.793102000278965,22.369777421664335,5.123964017143464,25.090307108883483,13.308245270657023,7.20332086511346,21.46413864776764,26.133033010882777,5.998765107694459,17.392926083375404,22.917097260338245,20.215974912062,21.823758710495724,999999.0,16.51527421225692,18.491140498573536,18.731419429998475,15.737549860772788,12.928069991957228,9.337250764509594,20.075711417339377,4.029421346362012,26.21874150609657,23.53867086481911,21.49547218642654,13.046929668111162,17.860507134681075,6.0542017316510925,22.801518141344673,23.943928524020492,16.90760367578247,10.783638109113236,17.945395528056597,19.500297011496517,14.40069980550674,20.8313542622892,24.687451082345053,26.695368674097054,22.08805196270118,10.614601967987124,10.530913048737013,19.82978593469426,24.730483467067295,14.056808668854961,16.349396033351937,16.91581320291579,4.964125381305188,25.282413682692855,3.3177426729433677,23.223715015030876,23.289321995929384,25.512307701529725,19.436177462182172,12.160133750497502,24.354896264114444,14.58379728660291,21.706847270278434,10.667616411246346,15.499062634861108,19.780671722146202,14.171964231597977,20.486556937494285,25.43329686307787,16.093296789553836,18.00242248744846,20.929085272220387,21.43855724358904,20.969932931724674,14.335649930600226,24.69537280322843,24.10176729570107,23.434807253410188,14.418744847711286,21.656888160835262,22.65330830418169,21.44236483471637,21.405877266432157,13.038006282821847,22.961639749842263,25.514099139499447,13.947678931248662,20.402260434869874,21.716781153609766,16.39087626221883,16.163305282103543,20.88957164447745,23.68017956517126,21.38773284298599,12.093148342055617,9.475445009266917,25.04582702240984,18.145739014997748,7.134006379122043,15.747816139487782,26.509082794213164,15.083481994249846,19.765908033001903
17,10.383317020617048,2.7882587142650976,3.4422621126004516,3.711433925237122,6.625891462701386,14.469545692341224,8.800285999421314,7.712984262865912,9.9016420205353,5.0126665228971365,31.415670343050873,12.394714620331477,2.7597065153324984,12.266250207236935,6.420666583931218,12.706399215266394,16.51527421225692,999999.0,7.99909552730695,10.342860866828222,10.063062868409668,10.790724708618193,8.055049450085026,5.101957686318705,16.074191179235168,14.525983131900908,7.333380925070957,6.164193287347991,4.124825344758704,1.5246098971767514,15.25907168017712,7.043448561184008,10.001659641767905,11.545672043906132,5.80615354535935,8.576616168724588,4.3086271840745525,6.136125062000202,5.338821778090528,8.543633665946485,10.601373532384793,12.586405018248879,8.58958460247527,6.013247462179837,8.385207676164613,8.820168822442543,10.724812775128093,0.2863695205416475,10.483721003761936,13.814507650378141,9.408095648082265,18.04407877701951,7.028465924850759,8.95746428407984,14.004967344168014,4.745658388048254,8.142122288471827,11.748399800780264,7.751652048295261,11.620761170997065,6.865834500385756,6.927730161027141,6.088504714627666,3.9440893526430094,9.542964556389421,12.890264046946932,8.630200253412553,9.632240731710045,10.882157551921088,6.758971838152653,6.487786735888228,14.60308533884525,14.10559871483269,7.872658494096755,7.8981655168605265,7.177810308949038,7.546780954406597,7.433224849099205,9.267969789243967,5.647933931814559,3.48565036699181,8.258769969355617,9.118267855265035,11.08982745525991,3.964053529310422,7.780238524548811,6.179832720989407,5.662694831483743,6.478160055601886,8.036644477231874,12.117456370426098,6.135882665099511,7.892904921046714,12.61784296632987,4.153015980241518,15.533878639146344,9.939852683051715,10.48640176338237,3.942381963445158,6.233509301210862
18,9.939086195616916,7.328751289132196,9.979293216888548,11.309154869884196,12.795061093203524,18.63337727731327,9.990985755623774,5.204800764580366,14.148819007645665,8.54584261123283,38.39448483150908,16.763900545298455,10.686940571457193,4.857370352928606,14.007179701929058,4.777212527272904,18.491140498573536,7.99909552730695,999999.0,2.527994742599913,4.192096076066453,6.89398397943035,9.368445986940749,12.375074931419938,19.74791435373141,7.9171207132594095,8.681927948845189,5.879468723918118,7.105373136373196,7.345803549772858,19.767090824621793,7.225639895487381,5.9141753178398,4.813199078341781,9.355561283727024,1.0464907401175239,11.6406566758686,4.253751735120982,5.914502684924767,9.26477772568397,10.641523318975944,4.735527696763734,7.88675993505915,9.72155174035661,1.3841119053965927,8.755831811430577,6.007247461846218,8.236202791485615,3.710514665528677,17.870253314628517,9.085481988751285,18.60386803124507,8.462227496188605,5.687808156175711,7.242063539344204,12.258455116601132,6.3638624112739155,5.865881363686494,3.9657492168083492,3.886171852440346,8.201148318617026,3.003717318387152,13.759467818796987,5.798178838338398,2.073522706066783,6.9461489326566355,2.8360713000317617,2.098450468322307,3.063555422056604,13.859268795420695,13.75563081576858,21.677735891386458,6.794501926329261,9.112659172672327,14.019578461322508,4.072454283123528,14.822832814153534,13.984129096536266,2.9999714575288396,12.07168110006436,8.59032547084661,5.8237566993609695,10.728385733154008,6.375928694895665,9.607853386751728,15.102365545490686,2.4237335780932288,2.8950910313885903,13.785476780711418,13.99561969171982,4.184153631546609,12.678805074238033,9.26356716185265,6.561549492490973,4.148691781761418,20.410829426581167,4.081659218751927,10.33102241095333,11.656438770074951,3.1674200107406962
19,11.872682869817485,9.850080712388145,12.49201244812886,13.451645083711648,15.32277672467822,19.539861725763725,12.206457235893797,5.67028039982592,15.27792483290818,11.044812729470367,40.021216767833344,17.801271633372213,13.074436671106394,4.259332872423987,16.480994955646487,3.17348785410031,18.731419429998475,10.342860866828222,2.527994742599913,999999.0,3.1156231244264196,6.139243588228475,10.127992971854773,14.870915493989335,20.46797775030314,7.593468120186647,10.997963514526978,8.243626521815726,8.768113095876474,9.810564857863938,20.743204038121664,9.50536176336834,7.333915051964546,2.840614720769474,10.732645257026755,1.7662814288443864,14.127043321988216,5.50075266189305,8.367633152710283,11.456269060382416,12.623260533337453,3.3748910400265135,8.254873384613333,11.08918463332419,3.1565139496372567,10.856667069100435,5.043271450506421,10.561778441013688,2.0619913270540278,18.771218008240478,11.11094771402612,18.39238829040376,10.80236865778001,7.442535327003203,6.881266813416021,14.732181518663971,6.717053417559175,6.395754949202846,4.429005703753717,3.022499680340143,9.173838944575843,4.12901779891858,16.220218191833297,7.593087067801035,2.7234578583164115,7.230885018960982,2.764010099411969,0.8463268007056426,2.34266437556767,16.37230355640911,16.258548835870755,23.457496196802563,5.965172571647332,11.387660780685195,16.545107314173645,4.841527160934151,17.32893684461148,16.51170828237376,4.232650229946318,14.598113007308894,10.422097967058873,7.789491643427985,12.964078943029993,5.319924435434344,12.135304211907007,17.606103348024483,4.279425509657535,4.819556153924452,16.285719055869798,16.518116624039255,2.6771474705692735,14.49513687773142,10.056955050772967,6.839246011715691,6.654376717961745,21.48357020476461,3.069629848015071,12.295005670185109,13.826214158324841,5.602367566210153
20,14.126775253377424,10.423307231114698,12.861273816181011,12.5284696819483,15.960255029362775,16.91015385454225,14.073647094434149,3.306510917721523,12.896876029551558,12.132224867939376,37.95759536067775,15.295652846733766,12.800161843312825,7.372686617045207,16.473289216023847,6.092527405796342,15.737549860772788,10.063062868409668,4.192096076066453,3.1156231244264196,999999.0,3.0245802982993837,7.5852420747686775,15.03536165695894,17.702660489458886,10.705361157182855,12.68576853923393,9.875305483101513,7.331902358260698,9.99377422362403,18.154962350369722,11.285940778861915,9.988996643120958,1.6601084796156282,8.774325862664725,3.1829857937257278,14.249337097521874,4.084936826025246,9.748861554210102,13.369223374720056,14.820760774501577,6.38023903983649,5.508986296513696,9.10013271079422,5.447975167879817,12.908384747653116,1.9498866072239849,10.217097198032045,1.1807342439113302,16.145367920227432,13.259472827707553,15.2882862434922,12.439898685770544,9.862430216669404,9.993456150022073,14.765257324934376,4.083713256130569,9.40699887593197,2.4697224224014374,6.134773587032753,6.880299624217512,3.1455344840480985,16.150178458746552,6.49231720562473,5.517520640983497,10.304983355620148,1.5950318616388681,2.5818164149948255,5.448936658564163,16.646869903266396,16.444601699770665,21.695646447510352,9.025206520861047,13.153922432030805,17.241539629881895,3.0689641705378308,17.520982521565415,17.037380068919703,6.9095192908479515,15.114046676971668,9.099622092964617,10.015020045871605,14.789763070805641,2.2664996142203995,12.754072866914019,17.773467413068236,4.137311716525292,4.552661055362728,16.450409835467415,17.274201204456975,5.683675368449055,12.956818039439874,7.546105900103908,9.910841943197848,7.316586506962214,18.966279535384494,0.12979948479760336,14.514011353964033,12.947257110876652,7.162347627060692
